4.000000	0.000000
-3.000000	0.021973
43.000000	0.175781
56.000000	0.483398
56.000000	0.812988
86.000000	1.274414
121.000000	1.977539
149.000000	2.812500
152.000000	3.691406
170.000000	4.636230
206.000000	5.800781
223.000000	7.097168
244.000000	8.503418
254.000000	9.975586
290.000000	11.667480
312.000000	13.535156
309.000000	15.402832
324.000000	17.314453
343.000000	19.335938
349.000000	21.445313
370.000000	-336.401367
386.000000	-334.138184
404.000000	-331.765137
406.000000	-329.304199
412.000000	-326.843262
413.000000	-324.360352
430.000000	-321.811523
448.000000	-319.152832
454.000000	-316.450195
454.000000	-313.703613
467.000000	-310.935059
466.000000	-308.144531
479.000000	-305.310059
482.000000	-302.409668
497.000000	-299.465332
486.000000	-296.520996
503.000000	-293.510742
494.000000	-290.588379
510.000000	-287.556152
511.000000	-284.501953
507.000000	-281.469727
522.000000	-278.393555
521.000000	-275.317383
523.000000	-272.175293
523.000000	-269.033203
517.000000	-265.913086
516.000000	-262.792969
519.000000	-259.672852
523.000000	-256.530762
537.000000	-253.322754
530.000000	-250.136719
527.000000	-246.928711
537.000000	-243.698730
537.000000	-240.490723
533.000000	-237.326660
522.000000	-234.162598
531.000000	-231.020508
539.000000	-227.856445
536.000000	-224.648438
526.000000	-221.462402
537.000000	-218.276367
530.000000	-215.134277
532.000000	-211.992188
534.000000	-208.784180
535.000000	-205.620117
523.000000	-202.456055
525.000000	-199.270020
547.000000	-196.040039
539.000000	-192.832031
534.000000	-189.667969
526.000000	-186.525879
541.000000	-183.295898
549.000000	-180.065918
537.000000	-176.835938
533.000000	-173.583984
549.000000	-170.375977
550.000000	-167.124023
531.000000	-163.894043
544.000000	-160.664063
546.000000	-157.412109
551.000000	-154.138184
545.000000	-150.842285
546.000000	-147.546387
557.000000	-144.250488
556.000000	-140.954590
552.000000	-137.636719
564.000000	-134.274902
566.000000	-130.935059
554.000000	-127.573242
557.000000	-124.233398
570.000000	-120.849609
567.000000	-117.465820
559.000000	-114.082031
570.000000	-110.698242
584.000000	-107.270508
581.000000	-103.798828
566.000000	-100.393066
563.000000	-97.031250
574.000000	-93.625488
579.000000	-90.175781
572.000000	-86.726074
575.000000	-83.276367
586.000000	-79.782715
575.000000	-76.289063
579.000000	-72.817383
583.000000	-69.301758
597.000000	-65.742188
598.000000	-62.160645
598.000000	-58.535156
608.000000	-54.953613
596.000000	-51.416016
603.000000	-47.856445
601.000000	-44.274902
609.000000	-40.671387
609.000000	-37.067871
612.000000	-33.398438
623.000000	-29.707031
622.000000	-26.037598
603.000000	-22.390137
624.000000	-18.720703
626.000000	-15.007324
628.000000	-11.271973
619.000000	-7.514648
630.000000	-3.735352
641.000000	0.087891
636.000000	3.845215
627.000000	7.624512
636.000000	11.425781
649.000000	15.270996
641.000000	19.094238
647.000000	-337.060547
635.000000	-333.215332
642.000000	-329.348145
643.000000	-325.524902
652.000000	-321.701660
638.000000	-317.878418
636.000000	-314.011230
633.000000	-310.187988
636.000000	-306.408691
643.000000	-302.607422
637.000000	-298.784180
633.000000	-294.982910
632.000000	-291.203613
627.000000	-287.490234
630.000000	-283.710938
626.000000	-279.975586
630.000000	-276.240234
620.000000	-272.504883
620.000000	-268.769531
620.000000	-265.100098
612.000000	-261.452637
601.000000	-257.827148
606.000000	-254.157715
612.000000	-250.488281
614.000000	-246.818848
615.000000	-243.171387
606.000000	-239.567871
591.000000	-236.030273
579.000000	-232.492676
581.000000	-228.999023
587.000000	-225.439453
583.000000	-221.945801
581.000000	-218.430176
570.000000	-215.024414
584.000000	-211.574707
575.000000	-208.125000
579.000000	-204.675293
575.000000	-201.269531
567.000000	-197.841797
576.000000	-194.370117
569.000000	-190.942383
563.000000	-187.580566
568.000000	-184.196777
573.000000	-180.769043
563.000000	-177.341309
564.000000	-173.913574
578.000000	-170.529785
559.000000	-167.145996
558.000000	-163.740234
578.000000	-160.356445
559.000000	-156.994629
576.000000	-153.566895
574.000000	-150.139160
562.000000	-146.733398
576.000000	-143.305664
567.000000	-139.899902
578.000000	-136.428223
578.000000	-133.000488
576.000000	-129.550781
568.000000	-126.101074
584.000000	-122.651367
583.000000	-119.179688
588.000000	-115.708008
574.000000	-112.258301
580.000000	-108.786621
595.000000	-105.249023
585.000000	-101.733398
573.000000	-98.305664
579.000000	-94.855957
593.000000	-91.362305
574.000000	-87.868652
590.000000	-84.331055
594.000000	-80.815430
594.000000	-77.255859
583.000000	-73.718262
599.000000	-70.180664
605.000000	-66.599121
607.000000	-62.973633
609.000000	-59.304199
613.000000	-55.700684
603.000000	-52.097168
599.000000	-48.515625
604.000000	-44.890137
615.000000	-41.286621
607.000000	-37.639160
614.000000	-33.947754
626.000000	-30.234375
623.000000	-26.542969
616.000000	-22.873535
613.000000	-19.182129
621.000000	-15.446777
635.000000	-11.689453
626.000000	-7.888184
639.000000	-4.108887
643.000000	-0.263672
634.000000	3.515625
632.000000	7.294922
636.000000	11.118164
644.000000	14.985352
639.000000	18.830566
634.000000	-337.324219
644.000000	-333.457031
647.000000	-329.589844
652.000000	-325.744629
639.000000	-321.899414
649.000000	-318.054199
649.000000	-314.208984
644.000000	-310.363770
631.000000	-306.562500
648.000000	-302.717285
636.000000	-298.894043
639.000000	-295.070801
623.000000	-291.335449
625.000000	-287.578125
635.000000	-283.798828
635.000000	-280.063477
627.000000	-276.328125
627.000000	-272.592773
621.000000	-268.835449
618.000000	-265.166016
617.000000	-261.518555
609.000000	-257.893066
613.000000	-254.223633
617.000000	-250.554199
611.000000	-246.840820
605.000000	-243.215332
596.000000	-239.611816
595.000000	-236.074219
586.000000	-232.536621
583.000000	-229.042969
593.000000	-225.483398
586.000000	-221.989746
591.000000	-218.474121
572.000000	-215.068359
569.000000	-211.618652
583.000000	-208.146973
584.000000	-204.719238
566.000000	-201.291504
573.000000	-197.841797
574.000000	-194.392090
579.000000	-190.986328
558.000000	-187.602539
566.000000	-184.218750
573.000000	-180.769043
568.000000	-177.341309
573.000000	-173.935547
574.000000	-170.529785
571.000000	-167.145996
565.000000	-163.740234
560.000000	-160.356445
563.000000	-156.972656
576.000000	-153.544922
564.000000	-150.117188
570.000000	-146.711426
577.000000	-143.283691
576.000000	-139.855957
572.000000	-136.406250
587.000000	-132.956543
578.000000	-129.484863
574.000000	-126.057129
577.000000	-122.607422
578.000000	-119.113770
584.000000	-115.642090
574.000000	-112.192383
585.000000	-108.698730
590.000000	-105.161133
584.000000	-101.689453
572.000000	-98.239746
579.000000	-94.790039
590.000000	-91.296387
594.000000	-87.780762
593.000000	-84.243164
599.000000	-80.727539
600.000000	-77.167969
585.000000	-73.630371
597.000000	-70.070801
598.000000	-66.489258
609.000000	-62.841797
605.000000	-59.194336
614.000000	-55.590820
609.000000	-51.987305
594.000000	-48.405762
602.000000	-44.780273
603.000000	-41.176758
609.000000	-37.507324
615.000000	-33.815918
611.000000	-30.102539
625.000000	-26.411133
606.000000	-22.741699
626.000000	-19.050293
624.000000	-15.292969
623.000000	-11.535645
624.000000	-7.756348
640.000000	-3.955078
639.000000	-0.131836
642.000000	3.647461
646.000000	7.426758
631.000000	11.250000
651.000000	15.117188
651.000000	18.940430
640.000000	-337.236328
637.000000	-333.347168
642.000000	-329.479980
648.000000	-325.634766
640.000000	-321.811523
647.000000	-317.966309
650.000000	-314.099121
649.000000	-310.275879
632.000000	-306.474609
630.000000	-302.629395
644.000000	-298.784180
634.000000	-294.982910
621.000000	-291.203613
633.000000	-287.468262
636.000000	-283.688965
635.000000	-279.931641
624.000000	-276.196289
631.000000	-272.482910
628.000000	-268.725586
611.000000	-265.056152
611.000000	-261.408691
614.000000	-257.783203
619.000000	-254.113770
619.000000	-250.422363
613.000000	-246.752930
613.000000	-243.083496
602.000000	-239.479980
588.000000	-235.942383
586.000000	-232.404785
588.000000	-228.911133
595.000000	-225.351563
583.000000	-221.835938
590.000000	-218.342285
577.000000	-214.936523
578.000000	-211.486816
565.000000	-208.037109
586.000000	-204.609375
575.000000	-201.181641
567.000000	-197.753906
579.000000	-194.282227
575.000000	-190.876465
560.000000	-187.492676
568.000000	-184.086914
571.000000	-180.659180
574.000000	-177.253418
570.000000	-173.825684
578.000000	-170.419922
575.000000	-167.036133
568.000000	-163.630371
551.000000	-160.268555
566.000000	-156.884766
578.000000	-153.457031
563.000000	-150.051270
564.000000	-146.645508
580.000000	-143.195801
582.000000	-139.768066
579.000000	-136.340332
578.000000	-132.890625
582.000000	-129.418945
580.000000	-125.991211
576.000000	-122.519531
578.000000	-119.047852
584.000000	-115.576172
575.000000	-112.126465
579.000000	-108.632813
598.000000	-105.095215
581.000000	-101.601563
574.000000	-98.173828
572.000000	-94.724121
584.000000	-91.230469
585.000000	-87.736816
584.000000	-84.199219
581.000000	-80.683594
599.000000	-77.124023
590.000000	-73.586426
596.000000	-70.026855
606.000000	-66.445313
609.000000	-62.797852
619.000000	-59.128418
605.000000	-55.524902
602.000000	-51.943359
599.000000	-48.361816
599.000000	-44.736328
615.000000	-41.088867
609.000000	-37.463379
624.000000	-33.771973
620.000000	-30.058594
614.000000	-26.367188
608.000000	-22.697754
612.000000	-19.006348
612.000000	-15.270996
631.000000	-11.513672
640.000000	-7.734375
638.000000	-3.933105
640.000000	-0.109863
636.000000	3.691406
638.000000	7.470703
630.000000	11.271973
636.000000	15.139160
650.000000	18.984375
644.000000	-337.170410
643.000000	-333.303223
651.000000	-329.414063
656.000000	-325.590820
640.000000	-321.745605
634.000000	-317.922363
648.000000	-314.055176
644.000000	-310.231934
628.000000	-306.452637
645.000000	-302.607422
645.000000	-298.762207
649.000000	-294.938965
622.000000	-291.181641
633.000000	-287.424316
631.000000	-283.666992
619.000000	-279.931641
616.000000	-276.174316
626.000000	-272.460938
638.000000	-268.703613
622.000000	-265.034180
604.000000	-261.386719
599.000000	-257.717285
611.000000	-254.069824
617.000000	-250.400391
604.000000	-246.752930
611.000000	-243.083496
606.000000	-239.458008
603.000000	-235.920410
586.000000	-232.382813
589.000000	-228.867188
597.000000	-225.307617
582.000000	-221.791992
586.000000	-218.320313
586.000000	-214.870605
577.000000	-211.420898
580.000000	-207.949219
583.000000	-204.543457
578.000000	-201.093750
570.000000	-197.666016
564.000000	-194.216309
572.000000	-190.788574
563.000000	-187.426758
566.000000	-183.999023
577.000000	-180.571289
571.000000	-177.143555
572.000000	-173.737793
565.000000	-170.354004
566.000000	-166.926270
566.000000	-163.564453
566.000000	-160.180664
556.000000	-156.796875
575.000000	-153.369141
575.000000	-149.919434
579.000000	-146.513672
572.000000	-143.085938
573.000000	-139.658203
584.000000	-136.208496
562.000000	-132.758789
578.000000	-129.287109
578.000000	-125.881348
579.000000	-122.431641
580.000000	-118.937988
587.000000	-115.466309
581.000000	-112.016602
580.000000	-108.544922
581.000000	-105.007324
575.000000	-101.513672
570.000000	-98.085938
577.000000	-94.636230
587.000000	-91.142578
588.000000	-87.626953
596.000000	-84.067383
588.000000	-80.551758
616.000000	-76.904297
624.000000	-73.190918
644.000000	-69.345703
652.000000	-65.412598
689.000000	-61.369629
667.000000	-57.348633
638.000000	-53.481445
606.000000	-49.790039
614.000000	-46.142578
615.000000	-42.517090
615.000000	-38.847656
645.000000	-35.112305
667.000000	-31.179199
683.000000	-27.136230
675.000000	-23.093262
666.000000	-19.094238
655.000000	-15.117188
638.000000	-11.271973
630.000000	-7.448730
627.000000	-3.691406
641.000000	0.153809
655.000000	4.042969
676.000000	8.063965
693.000000	12.172852
698.000000	16.391602
693.000000	20.544434
679.000000	-335.390625
652.000000	-331.457520
639.000000	-327.612305
624.000000	-323.789063
645.000000	-319.965820
677.000000	-316.010742
677.000000	-311.989746
691.000000	-307.858887
695.000000	-303.684082
690.000000	-299.553223
662.000000	-295.554199
629.000000	-291.708984
623.000000	-287.995605
621.000000	-284.282227
627.000000	-280.524902
642.000000	-276.745605
661.000000	-272.812500
672.000000	-268.791504
659.000000	-264.814453
657.000000	-260.881348
636.000000	-257.058105
611.000000	-253.322754
611.000000	-249.675293
598.000000	-246.093750
611.000000	-242.468262
619.000000	-238.776855
625.000000	-235.063477
638.000000	-231.284180
639.000000	-227.460938
625.000000	-223.659668
611.000000	-219.990234
583.000000	-216.474609
574.000000	-213.068848
570.000000	-209.663086
570.000000	-206.257324
581.000000	-202.785645
609.000000	-199.160156
625.000000	-195.446777
622.000000	-191.733398
614.000000	-188.041992
587.000000	-184.504395
563.000000	-181.010742
570.000000	-177.626953
554.000000	-174.265137
567.000000	-170.925293
584.000000	-167.453613
601.000000	-163.872070
627.000000	-160.202637
618.000000	-156.511230
625.000000	-152.819824
590.000000	-149.216309
572.000000	-145.766602
563.000000	-142.360840
564.000000	-139.020996
581.000000	-135.593262
583.000000	-132.077637
616.000000	-128.408203
624.000000	-124.694824
631.000000	-120.937500
619.000000	-117.202148
599.000000	-113.576660
585.000000	-110.039063
580.000000	-106.589355
579.000000	-103.139648
576.000000	-99.733887
602.000000	-96.218262
608.000000	-92.548828
633.000000	-88.769531
657.000000	-84.946289
637.000000	-81.166992
612.000000	-77.453613
592.000000	-73.872070
593.000000	-70.356445
593.000000	-66.840820
607.000000	-63.259277
642.000000	-59.545898
646.000000	-55.744629
640.000000	-51.899414
643.000000	-48.010254
649.000000	-44.143066
628.000000	-40.363770
621.000000	-36.650391
604.000000	-33.002930
614.000000	-29.377441
617.000000	-25.686035
624.000000	-21.972656
665.000000	-18.083496
679.000000	-14.062500
685.000000	-9.953613
693.000000	-5.910645
669.000000	-1.933594
638.000000	1.933594
635.000000	5.690918
617.000000	9.426270
648.000000	13.227539
654.000000	17.138672
664.000000	21.159668
696.000000	-334.687500
709.000000	-330.490723
690.000000	-326.403809
668.000000	-322.404785
637.000000	-318.493652
639.000000	-314.692383
622.000000	-310.957031
610.000000	-307.177734
660.000000	-303.266602
677.000000	-299.245605
697.000000	-295.158691
673.000000	-291.093750
668.000000	-287.072754
653.000000	-283.139648
636.000000	-279.316406
622.000000	-275.625000
611.000000	-271.955566
615.000000	-268.286133
632.000000	-264.550781
647.000000	-260.727539
660.000000	-256.838379
673.000000	-252.861328
658.000000	-248.928223
635.000000	-245.083008
603.000000	-241.413574
578.000000	-237.875977
578.000000	-234.404297
586.000000	-230.954590
612.000000	-227.373047
620.000000	-223.659668
625.000000	-219.902344
625.000000	-216.166992
606.000000	-212.475586
598.000000	-208.850098
583.000000	-205.378418
559.000000	-201.994629
569.000000	-198.610840
573.000000	-195.205078
592.000000	-191.733398
595.000000	-188.173828
613.000000	-184.526367
616.000000	-180.812988
607.000000	-177.121582
593.000000	-173.562012
579.000000	-170.112305
554.000000	-166.728516
549.000000	-163.432617
571.000000	-160.070801
572.000000	-156.643066
606.000000	-153.017578
625.000000	-149.326172
631.000000	-145.612793
616.000000	-141.921387
602.000000	-138.317871
580.000000	-134.802246
572.000000	-131.374512
561.000000	-128.012695
573.000000	-124.606934
603.000000	-121.091309
609.000000	-117.443848
628.000000	-113.708496
633.000000	-109.907227
641.000000	-106.127930
600.000000	-102.458496
566.000000	-98.986816
569.000000	-95.581055
569.000000	-92.175293
578.000000	-88.681641
612.000000	-85.100098
631.000000	-81.386719
647.000000	-77.585449
635.000000	-73.740234
643.000000	-69.916992
621.000000	-66.137695
612.000000	-62.446289
600.000000	-58.820801
600.000000	-55.261230
608.000000	-51.701660
620.000000	-48.054199
651.000000	-44.252930
663.000000	-40.341797
658.000000	-36.408691
651.000000	-32.431641
639.000000	-28.564453
618.000000	-24.807129
607.000000	-21.203613
609.000000	-17.556152
626.000000	-13.842773
656.000000	-9.997559
670.000000	-6.042480
686.000000	-1.955566
687.000000	2.131348
676.000000	6.196289
660.000000	10.195313
654.000000	14.084473
639.000000	17.907715
629.000000	-338.312988
644.000000	-334.489746
668.000000	-330.534668
682.000000	-326.535645
684.000000	-322.426758
699.000000	-318.273926
693.000000	-314.165039
675.000000	-310.166016
635.000000	-306.298828
632.000000	-302.519531
637.000000	-298.762207
634.000000	-294.982910
634.000000	-291.181641
669.000000	-287.248535
680.000000	-283.205566
690.000000	-279.140625
676.000000	-275.141602
648.000000	-271.208496
623.000000	-267.451172
602.000000	-263.803711
591.000000	-260.244141
615.000000	-256.640625
626.000000	-252.905273
635.000000	-249.060059
658.000000	-245.126953
652.000000	-241.237793
637.000000	-237.392578
605.000000	-233.701172
587.000000	-230.163574
589.000000	-226.669922
570.000000	-223.220215
584.000000	-219.770508
591.000000	-216.254883
616.000000	-212.651367
624.000000	-208.916016
627.000000	-205.202637
614.000000	-201.511230
589.000000	-197.929688
575.000000	-194.436035
567.000000	-191.052246
550.000000	-187.756348
571.000000	-184.372559
590.000000	-180.922852
604.000000	-177.319336
616.000000	-173.649902
618.000000	-169.958496
605.000000	-166.311035
584.000000	-162.773438
570.000000	-159.323730
557.000000	-155.961914
570.000000	-152.600098
567.000000	-149.238281
596.000000	-145.766602
598.000000	-142.141113
627.000000	-138.427734
635.000000	-134.670410
633.000000	-130.957031
602.000000	-127.331543
584.000000	-123.837891
579.000000	-120.410156
564.000000	-117.048340
573.000000	-113.620605
607.000000	-110.083008
621.000000	-106.369629
634.000000	-102.590332
624.000000	-98.854980
625.000000	-95.141602
611.000000	-91.494141
596.000000	-87.934570
584.000000	-84.440918
580.000000	-80.991211
590.000000	-77.475586
604.000000	-73.872070
639.000000	-70.136719
651.000000	-66.269531
654.000000	-62.336426
648.000000	-58.425293
634.000000	-54.624023
604.000000	-51.020508
589.000000	-47.460938
597.000000	-43.901367
612.000000	-40.341797
621.000000	-36.650391
650.000000	-32.761230
671.000000	-28.784180
674.000000	-24.829102
644.000000	-20.874023
647.000000	-16.984863
634.000000	-13.183594
628.000000	-9.448242
624.000000	-5.778809
643.000000	-1.977539
642.000000	1.867676
673.000000	5.844727
687.000000	9.909668
698.000000	14.084473
696.000000	18.171387
655.000000	-337.829590
643.000000	-333.918457
639.000000	-330.073242
625.000000	-326.293945
634.000000	-322.514648
657.000000	-318.603516
687.000000	-314.560547
698.000000	-310.473633
675.000000	-306.364746
685.000000	-302.233887
654.000000	-298.234863
623.000000	-294.389648
627.000000	-290.654297
620.000000	-286.984863
632.000000	-283.249512
650.000000	-279.448242
659.000000	-275.537109
677.000000	-271.538086
663.000000	-267.517090
647.000000	-263.583984
632.000000	-259.782715
625.000000	-256.069336
607.000000	-252.465820
601.000000	-248.862305
608.000000	-245.258789
620.000000	-241.567383
622.000000	-237.832031
638.000000	-234.030762
643.000000	-230.251465
631.000000	-226.472168
609.000000	-222.780762
588.000000	-219.243164
565.000000	-215.859375
567.000000	-212.497559
571.000000	-209.069824
595.000000	-205.554199
609.000000	-201.994629
612.000000	-198.281250
627.000000	-194.523926
620.000000	-190.854492
591.000000	-187.338867
569.000000	-183.889160
562.000000	-180.527344
550.000000	-177.165527
566.000000	-173.781738
583.000000	-170.332031
606.000000	-166.772461
608.000000	-163.125000
624.000000	-159.389648
613.000000	-155.742188
595.000000	-152.138672
575.000000	-148.666992
573.000000	-145.283203
548.000000	-141.943359
574.000000	-138.537598
583.000000	-135.043945
603.000000	-131.418457
626.000000	-127.683105
633.000000	-123.947754
627.000000	-120.212402
602.000000	-116.586914
590.000000	-113.093262
570.000000	-109.643555
576.000000	-106.193848
588.000000	-102.700195
588.000000	-99.184570
618.000000	-95.559082
622.000000	-91.801758
638.000000	-88.000488
635.000000	-84.199219
620.000000	-80.507813
597.000000	-76.948242
580.000000	-73.454590
589.000000	-69.960938
592.000000	-66.423340
632.000000	-62.731934
640.000000	-58.908691
657.000000	-54.997559
653.000000	-51.130371
638.000000	-47.285156
626.000000	-43.483887
613.000000	-39.792480
605.000000	-36.188965
605.000000	-32.585449
619.000000	-28.894043
635.000000	-25.136719
641.000000	-21.291504
682.000000	-17.292480
680.000000	-13.249512
668.000000	-9.228516
646.000000	-5.273438
644.000000	-1.384277
629.000000	2.373047
616.000000	6.042480
643.000000	9.821777
670.000000	13.732910
680.000000	17.753906
686.000000	-338.115234
709.000000	-333.918457
688.000000	-329.787598
663.000000	-325.788574
654.000000	-321.877441
632.000000	-318.076172
637.000000	-314.296875
645.000000	-310.495605
638.000000	-306.650391
686.000000	-302.673340
687.000000	-298.564453
678.000000	-294.455566
662.000000	-290.456543
657.000000	-286.523438
622.000000	-282.722168
622.000000	-279.008789
616.000000	-275.339355
622.000000	-271.647949
623.000000	-267.890625
647.000000	-264.023438
662.000000	-260.134277
656.000000	-256.179199
650.000000	-252.268066
647.000000	-248.400879
620.000000	-244.709473
585.000000	-241.149902
572.000000	-237.656250
585.000000	-234.140625
596.000000	-230.603027
623.000000	-226.889648
633.000000	-223.110352
642.000000	-219.309082
614.000000	-215.617676
595.000000	-212.036133
587.000000	-208.564453
571.000000	-205.180664
555.000000	-201.840820
567.000000	-198.435059
590.000000	-194.919434
600.000000	-191.337891
615.000000	-187.690430
624.000000	-183.977051
614.000000	-180.285645
590.000000	-176.726074
565.000000	-173.254395
557.000000	-169.892578
570.000000	-166.552734
558.000000	-163.234863
575.000000	-159.785156
605.000000	-156.203613
625.000000	-152.512207
620.000000	-148.798828
614.000000	-145.107422
600.000000	-141.481934
582.000000	-138.010254
566.000000	-134.604492
572.000000	-131.198730
577.000000	-127.792969
596.000000	-124.299316
622.000000	-120.651855
628.000000	-116.938477
623.000000	-113.159180
618.000000	-109.401855
615.000000	-105.732422
586.000000	-102.172852
558.000000	-98.789063
564.000000	-95.405273
589.000000	-91.977539
601.000000	-88.417969
627.000000	-84.704590
638.000000	-80.903320
641.000000	-77.058105
637.000000	-73.256836
622.000000	-69.565430
592.000000	-65.917969
602.000000	-62.314453
595.000000	-58.732910
604.000000	-55.151367
612.000000	-51.503906
644.000000	-47.724609
662.000000	-43.857422
660.000000	-39.924316
655.000000	-35.991211
638.000000	-32.124023
624.000000	-28.366699
607.000000	-24.697266
606.000000	-21.115723
621.000000	-17.424316
638.000000	-13.623047
666.000000	-9.667969
681.000000	-5.603027
696.000000	-1.472168
681.000000	2.592773
662.000000	6.525879
650.000000	10.393066
639.000000	14.238281
637.000000	17.995605
629.000000	-338.203125
666.000000	-334.248047
690.000000	-330.183105
689.000000	-326.052246
693.000000	-321.899414
677.000000	-317.790527
669.000000	-313.769531
648.000000	-309.858398
639.000000	-306.079102
632.000000	-302.343750
629.000000	-298.542480
647.000000	-294.675293
661.000000	-290.742188
688.000000	-286.699219
675.000000	-282.656250
663.000000	-278.635254
659.000000	-274.724121
628.000000	-270.922852
604.000000	-267.253418
606.000000	-263.671875
609.000000	-260.068359
634.000000	-256.354980
648.000000	-252.509766
666.000000	-248.554688
668.000000	-244.599609
642.000000	-240.710449
606.000000	-236.997070
596.000000	-233.393555
581.000000	-229.921875
577.000000	-226.494141
575.000000	-223.000488
602.000000	-219.440918
614.000000	-215.837402
618.000000	-212.124023
626.000000	-208.366699
621.000000	-204.675293
595.000000	-201.093750
581.000000	-197.600098
566.000000	-194.194336
566.000000	-190.832520
563.000000	-187.514648
580.000000	-184.042969
604.000000	-180.439453
607.000000	-176.770020
611.000000	-173.034668
605.000000	-169.387207
598.000000	-165.827637
565.000000	-162.399902
560.000000	-159.038086
566.000000	-155.720215
573.000000	-152.314453
584.000000	-148.842773
614.000000	-145.239258
620.000000	-141.547852
636.000000	-137.812500
621.000000	-134.077148
601.000000	-130.473633
582.000000	-126.958008
575.000000	-123.552246
563.000000	-120.146484
570.000000	-116.718750
597.000000	-113.159180
618.000000	-109.533691
646.000000	-105.732422
644.000000	-101.909180
616.000000	-98.239746
592.000000	-94.614258
589.000000	-91.076660
583.000000	-87.626953
580.000000	-84.155273
587.000000	-80.683594
613.000000	-77.080078
625.000000	-73.344727
649.000000	-69.521484
654.000000	-65.610352
658.000000	-61.699219
625.000000	-57.897949
604.000000	-54.228516
589.000000	-50.668945
590.000000	-47.153320
600.000000	-43.571777
613.000000	-39.858398
646.000000	-36.079102
668.000000	-32.102051
672.000000	-28.081055
651.000000	-24.125977
637.000000	-20.302734
639.000000	-16.501465
612.000000	-12.810059
626.000000	-9.096680
640.000000	-5.339355
651.000000	-1.472168
680.000000	2.526855
673.000000	6.569824
697.000000	10.722656
694.000000	14.853516
670.000000	18.874512
644.000000	-337.236328
635.000000	-333.391113
635.000000	-329.589844
643.000000	-325.766602
656.000000	-321.877441
682.000000	-317.856445
697.000000	-313.703613
691.000000	-309.572754
682.000000	-305.507813
663.000000	-301.486816
635.000000	-297.597656
627.000000	-293.840332
616.000000	-290.170898
639.000000	-286.435547
641.000000	-282.612305
680.000000	-278.679199
678.000000	-274.658203
681.000000	-270.637207
653.000000	-266.660156
636.000000	-262.836914
615.000000	-259.123535
599.000000	-255.520020
602.000000	-251.938477
618.000000	-248.291016
628.000000	-244.577637
636.000000	-240.798340
650.000000	-236.953125
636.000000	-233.129883
622.000000	-229.372559
622.000000	-225.637207
593.000000	-222.077637
579.000000	-218.627930
558.000000	-215.266113
571.000000	-211.882324
594.000000	-208.344727
604.000000	-204.741211
621.000000	-201.049805
631.000000	-197.314453
618.000000	-193.601074
593.000000	-190.041504
559.000000	-186.635742
557.000000	-183.229980
564.000000	-179.912109
559.000000	-176.550293
577.000000	-173.078613
606.000000	-169.519043
625.000000	-165.827637
619.000000	-162.158203
609.000000	-158.488770
598.000000	-154.929199
576.000000	-151.435547
552.000000	-148.073730
570.000000	-144.733887
575.000000	-141.328125
585.000000	-137.856445
614.000000	-134.208984
635.000000	-130.473633
631.000000	-126.738281
616.000000	-123.024902
594.000000	-119.399414
585.000000	-115.883789
574.000000	-112.478027
562.000000	-109.094238
588.000000	-105.600586
604.000000	-102.019043
612.000000	-98.415527
621.000000	-94.702148
639.000000	-90.900879
622.000000	-87.143555
605.000000	-83.452148
590.000000	-79.870605
586.000000	-76.354980
581.000000	-72.905273
597.000000	-69.345703
616.000000	-65.742188
646.000000	-61.918945
654.000000	-58.007813
646.000000	-54.096680
641.000000	-50.251465
631.000000	-46.494141
602.000000	-42.846680
598.000000	-39.243164
605.000000	-35.661621
619.000000	-31.970215
629.000000	-28.234863
645.000000	-24.345703
665.000000	-20.412598
682.000000	-16.369629
667.000000	-12.370605
657.000000	-8.415527
641.000000	-4.570313
636.000000	-0.769043
618.000000	2.922363
626.000000	6.657715
659.000000	10.546875
682.000000	14.567871
689.000000	18.676758
688.000000	-337.170410
687.000000	-333.039551
660.000000	-329.018555
659.000000	-325.129395
637.000000	-321.328125
635.000000	-317.570801
635.000000	-313.747559
661.000000	-309.836426
686.000000	-305.837402
688.000000	-301.750488
690.000000	-297.619629
674.000000	-293.554688
653.000000	-289.643555
625.000000	-285.820313
614.000000	-282.106934
610.000000	-278.459473
624.000000	-274.746094
633.000000	-270.944824
641.000000	-267.077637
663.000000	-263.144531
669.000000	-259.189453
648.000000	-255.278320
641.000000	-251.433105
621.000000	-247.697754
595.000000	-244.094238
584.000000	-240.556641
593.000000	-237.019043
602.000000	-233.437500
616.000000	-229.746094
648.000000	-225.966797
632.000000	-222.165527
623.000000	-218.408203
592.000000	-214.826660
577.000000	-211.354980
558.000000	-207.927246
565.000000	-204.587402
578.000000	-201.203613
592.000000	-197.731934
606.000000	-194.084473
605.000000	-190.415039
611.000000	-186.745605
614.000000	-183.076172
587.000000	-179.472656
573.000000	-176.000977
553.000000	-172.639160
554.000000	-169.321289
570.000000	-165.937500
579.000000	-162.509766
607.000000	-158.928223
626.000000	-155.258789
621.000000	-151.501465
603.000000	-147.854004
599.000000	-144.250488
576.000000	-140.778809
573.000000	-137.373047
561.000000	-134.033203
575.000000	-130.605469
595.000000	-127.089844
606.000000	-123.486328
624.000000	-119.750977
630.000000	-115.971680
618.000000	-112.236328
609.000000	-108.588867
595.000000	-104.985352
575.000000	-101.557617
564.000000	-98.195801
567.000000	-94.768066
609.000000	-91.208496
620.000000	-87.539063
635.000000	-83.737793
638.000000	-79.914551
637.000000	-76.135254
613.000000	-72.465820
597.000000	-68.840332
598.000000	-65.280762
604.000000	-61.699219
606.000000	-58.095703
620.000000	-54.404297
636.000000	-50.646973
653.000000	-46.801758
648.000000	-42.868652
652.000000	-38.957520
651.000000	-35.112305
622.000000	-31.376953
604.000000	-27.707520
597.000000	-24.082031
618.000000	-20.456543
638.000000	-16.655273
668.000000	-12.744141
689.000000	-8.679199
685.000000	-4.592285
680.000000	-0.527344
650.000000	3.427734
644.000000	7.272949
628.000000	11.052246
624.000000	14.831543
644.000000	18.654785
664.000000	-337.434082
685.000000	-333.413086
689.000000	-329.260254
696.000000	-325.107422
690.000000	-321.020508
661.000000	-316.999512
638.000000	-313.088379
633.000000	-309.287109
627.000000	-305.573730
644.000000	-301.750488
650.000000	-297.861328
671.000000	-293.906250
677.000000	-289.885254
675.000000	-285.820313
670.000000	-281.821289
661.000000	-277.888184
623.000000	-274.086914
621.000000	-270.417480
605.000000	-266.813965
606.000000	-263.188477
626.000000	-259.497070
642.000000	-255.673828
661.000000	-251.740723
669.000000	-247.763672
652.000000	-243.852539
628.000000	-240.073242
599.000000	-236.469727
582.000000	-232.998047
581.000000	-229.548340
588.000000	-226.054688
600.000000	-222.495117
612.000000	-218.825684
617.000000	-215.134277
628.000000	-211.420898
612.000000	-207.707520
600.000000	-204.104004
583.000000	-200.632324
567.000000	-197.248535
565.000000	-193.886719
570.000000	-190.502930
584.000000	-187.075195
613.000000	-183.493652
629.000000	-179.802246
620.000000	-176.066895
612.000000	-172.419434
591.000000	-168.837891
570.000000	-165.388184
548.000000	-162.048340
560.000000	-158.730469
568.000000	-155.368652
590.000000	-151.853027
599.000000	-148.271484
641.000000	-144.558105
634.000000	-140.822754
623.000000	-137.131348
598.000000	-133.505859
588.000000	-129.990234
566.000000	-126.584473
563.000000	-123.222656
582.000000	-119.772949
602.000000	-116.235352
617.000000	-112.609863
622.000000	-108.830566
648.000000	-104.985352
633.000000	-101.206055
594.000000	-97.602539
574.000000	-94.108887
576.000000	-90.637207
578.000000	-87.209473
586.000000	-83.693848
606.000000	-80.112305
638.000000	-76.354980
636.000000	-72.575684
648.000000	-68.708496
655.000000	-64.819336
636.000000	-61.018066
603.000000	-57.326660
595.000000	-53.745117
586.000000	-50.229492
604.000000	-46.669922
625.000000	-42.978516
641.000000	-39.155273
675.000000	-35.178223
676.000000	-31.157227
657.000000	-27.180176
639.000000	-23.312988
616.000000	-19.577637
625.000000	-15.864258
617.000000	-12.172852
620.000000	-8.415527
659.000000	-4.548340
679.000000	-0.527344
681.000000	3.515625
691.000000	7.624512
684.000000	11.711426
669.000000	15.732422
652.000000	19.643555
635.000000	-336.577148
625.000000	-332.775879
634.000000	-328.930664
661.000000	-324.997559
680.000000	-320.976563
696.000000	-316.845703
692.000000	-312.692871
695.000000	-308.583984
677.000000	-304.584961
650.000000	-300.695801
620.000000	-296.916504
616.000000	-293.203125
627.000000	-289.511719
645.000000	-285.688477
662.000000	-281.777344
677.000000	-277.756348
673.000000	-273.691406
663.000000	-269.714355
636.000000	-265.869141
614.000000	-262.155762
597.000000	-258.552246
591.000000	-254.970703
610.000000	-251.345215
627.000000	-247.631836
650.000000	-243.808594
644.000000	-239.897461
645.000000	-236.052246
637.000000	-232.272949
607.000000	-228.603516
601.000000	-224.978027
574.000000	-221.528320
565.000000	-218.122559
572.000000	-214.716797
593.000000	-211.223145
605.000000	-207.619629
629.000000	-203.906250
621.000000	-200.170898
617.000000	-196.479492
595.000000	-192.875977
571.000000	-189.404297
560.000000	-186.086426
564.000000	-182.724609
577.000000	-179.318848
588.000000	-175.847168
595.000000	-172.265625
617.000000	-168.574219
609.000000	-164.860840
595.000000	-161.257324
596.000000	-157.697754
578.000000	-154.248047
556.000000	-150.842285
554.000000	-147.502441
571.000000	-144.118652
593.000000	-140.625000
608.000000	-137.021484
627.000000	-133.286133
636.000000	-129.528809
619.000000	-125.815430
602.000000	-122.189941
586.000000	-118.652344
578.000000	-115.224609
570.000000	-111.840820
581.000000	-108.369141
608.000000	-104.787598
615.000000	-101.118164
611.000000	-97.426758
636.000000	-93.647461
624.000000	-89.890137
616.000000	-86.220703
587.000000	-82.639160
571.000000	-79.145508
580.000000	-75.651855
585.000000	-72.158203
611.000000	-68.554688
650.000000	-64.775391
668.000000	-60.842285
654.000000	-56.931152
633.000000	-53.041992
626.000000	-49.306641
615.000000	-45.659180
599.000000	-42.055664
596.000000	-38.496094
613.000000	-34.848633
643.000000	-31.069336
655.000000	-27.202148
661.000000	-23.247070
663.000000	-19.248047
666.000000	-15.227051
650.000000	-11.315918
640.000000	-7.470703
623.000000	-3.691406
621.000000	0.043945
630.000000	3.801270
655.000000	7.646484
678.000000	11.645508
691.000000	15.798340
698.000000	19.951172
696.000000	-335.939941
672.000000	-331.896973
637.000000	-328.007813
644.000000	-324.184570
626.000000	-320.427246
648.000000	-316.625977
658.000000	-312.692871
676.000000	-308.693848
703.000000	-304.606934
692.000000	-300.454102
683.000000	-296.389160
657.000000	-292.434082
632.000000	-288.632813
619.000000	-284.897461
602.000000	-281.250000
630.000000	-277.536621
639.000000	-273.735352
656.000000	-269.846191
662.000000	-265.891113
655.000000	-261.936035
649.000000	-258.046875
632.000000	-254.223633
620.000000	-250.488281
606.000000	-246.862793
595.000000	-243.281250
594.000000	-239.721680
609.000000	-236.118164
614.000000	-232.426758
628.000000	-228.625488
648.000000	-224.802246
623.000000	-221.044922
604.000000	-217.397461
580.000000	-213.925781
578.000000	-210.520020
558.000000	-207.158203
567.000000	-203.752441
592.000000	-200.280762
607.000000	-196.655273
624.000000	-192.919922
619.000000	-189.228516
607.000000	-185.581055
592.000000	-181.999512
574.000000	-178.505859
566.000000	-175.144043
549.000000	-171.826172
576.000000	-168.442383
594.000000	-164.948730
607.000000	-161.411133
622.000000	-157.741699
626.000000	-154.006348
603.000000	-150.314941
586.000000	-146.755371
576.000000	-143.261719
557.000000	-139.877930
568.000000	-136.494141
580.000000	-133.066406
589.000000	-129.550781
616.000000	-125.925293
630.000000	-122.189941
633.000000	-118.410645
625.000000	-114.675293
604.000000	-111.049805
592.000000	-107.490234
576.000000	-103.996582
571.000000	-100.568848
573.000000	-97.185059
600.000000	-93.647461
628.000000	-89.956055
651.000000	-86.176758
635.000000	-82.331543
628.000000	-78.552246
616.000000	-74.816895
602.000000	-71.257324
593.000000	-67.719727
603.000000	-64.160156
611.000000	-60.534668
618.000000	-56.887207
629.000000	-53.063965
651.000000	-49.218750
650.000000	-45.307617
643.000000	-41.418457
637.000000	-37.617188
620.000000	-33.859863
621.000000	-30.190430
608.000000	-26.542969
611.000000	-22.895508
639.000000	-19.182129
658.000000	-15.270996
691.000000	-11.250000
686.000000	-7.163086
684.000000	-3.098145
661.000000	0.900879
643.000000	4.724121
624.000000	8.481445
633.000000	12.238770
633.000000	16.062012
670.000000	19.995117
686.000000	-335.983887
696.000000	-331.809082
702.000000	-327.656250
679.000000	-323.569336
669.000000	-319.570313
648.000000	-315.659180
629.000000	-311.857910
631.000000	-308.078613
637.000000	-304.343262
653.000000	-300.454102
670.000000	-296.477051
678.000000	-292.434082
674.000000	-288.391113
664.000000	-284.370117
646.000000	-280.458984
635.000000	-276.657715
612.000000	-272.944336
602.000000	-269.296875
620.000000	-265.649414
623.000000	-261.936035
651.000000	-258.112793
663.000000	-254.179688
671.000000	-250.202637
653.000000	-246.269531
624.000000	-242.446289
604.000000	-238.798828
584.000000	-235.305176
569.000000	-231.877441
583.000000	-228.405762
614.000000	-224.780273
624.000000	-221.110840
623.000000	-217.353516
621.000000	-213.640137
609.000000	-209.948730
589.000000	-206.323242
568.000000	-202.851563
572.000000	-199.445801
564.000000	-196.062012
572.000000	-192.656250
582.000000	-189.184570
607.000000	-185.668945
619.000000	-181.955566
622.000000	-178.220215
609.000000	-174.528809
597.000000	-170.991211
570.000000	-167.519531
554.000000	-164.157715
553.000000	-160.861816
576.000000	-157.500000
587.000000	-154.028320
607.000000	-150.402832
624.000000	-146.733398
625.000000	-142.976074
615.000000	-139.284668
601.000000	-135.637207
585.000000	-132.143555
564.000000	-128.715820
564.000000	-125.354004
580.000000	-121.904297
599.000000	-118.366699
619.000000	-114.719238
625.000000	-110.983887
643.000000	-107.182617
634.000000	-103.381348
598.000000	-99.777832
574.000000	-96.306152
566.000000	-92.878418
578.000000	-89.450684
586.000000	-85.957031
589.000000	-82.375488
628.000000	-78.684082
637.000000	-74.838867
642.000000	-71.015625
648.000000	-67.148438
627.000000	-63.369141
623.000000	-59.655762
590.000000	-56.074219
588.000000	-52.558594
595.000000	-49.042969
627.000000	-45.351563
638.000000	-41.550293
655.000000	-37.661133
663.000000	-33.662109
661.000000	-29.707031
639.000000	-25.839844
623.000000	-22.126465
607.000000	-18.479004
607.000000	-14.809570
627.000000	-11.074219
647.000000	-7.272949
678.000000	-3.295898
684.000000	0.812988
673.000000	4.877930
688.000000	8.986816
663.000000	12.963867
632.000000	16.853027
637.000000	20.632324
643.000000	-335.588379
651.000000	-331.765137
648.000000	-327.832031
672.000000	-323.854980
685.000000	-319.746094
700.000000	-315.593262
686.000000	-311.506348
656.000000	-307.529297
646.000000	-303.662109
639.000000	-299.860840
622.000000	-296.147461
625.000000	-292.412109
640.000000	-288.632813
652.000000	-284.677734
679.000000	-280.678711
669.000000	-276.613770
652.000000	-272.614746
644.000000	-268.725586
618.000000	-265.012207
603.000000	-261.452637
589.000000	-257.893066
600.000000	-254.267578
624.000000	-250.576172
640.000000	-246.730957
653.000000	-242.819824
656.000000	-238.952637
627.000000	-235.151367
609.000000	-231.481934
596.000000	-227.922363
584.000000	-224.406738
574.000000	-221.000977
562.000000	-217.573242
589.000000	-214.079590
618.000000	-210.454102
621.000000	-206.762695
626.000000	-203.005371
619.000000	-199.313965
601.000000	-195.710449
566.000000	-192.216797
556.000000	-188.854980
556.000000	-185.559082
570.000000	-182.153320
584.000000	-178.681641
612.000000	-175.100098
610.000000	-171.430664
617.000000	-167.717285
597.000000	-164.069824
582.000000	-160.532227
574.000000	-157.082520
559.000000	-153.698730
550.000000	-150.336914
561.000000	-146.975098
588.000000	-143.437500
611.000000	-139.855957
632.000000	-136.076660
626.000000	-132.363281
621.000000	-128.627930
599.000000	-125.002441
589.000000	-121.486816
572.000000	-118.059082
577.000000	-114.653320
582.000000	-111.225586
604.000000	-107.666016
626.000000	-103.952637
617.000000	-100.195313
624.000000	-96.459961
623.000000	-92.724609
610.000000	-89.055176
599.000000	-85.473633
580.000000	-82.023926
583.000000	-78.552246
591.000000	-75.036621
610.000000	-71.433105
629.000000	-67.675781
662.000000	-63.764648
665.000000	-59.809570
644.000000	-55.920410
619.000000	-52.163086
603.000000	-48.537598
596.000000	-44.956055
595.000000	-41.418457
613.000000	-37.814941
634.000000	-34.057617
649.000000	-30.168457
674.000000	-26.169434
662.000000	-22.214355
655.000000	-18.281250
652.000000	-14.370117
641.000000	-10.524902
629.000000	-6.789551
630.000000	-3.054199
621.000000	0.725098
653.000000	4.548340
674.000000	8.525391
693.000000	12.634277
690.000000	16.809082
684.000000	20.917969
667.000000	-335.061035
652.000000	-331.127930
638.000000	-327.326660
628.000000	-323.547363
642.000000	-319.768066
654.000000	-315.856934
676.000000	-311.835938
692.000000	-307.749023
692.000000	-303.596191
691.000000	-299.487305
669.000000	-295.532227
636.000000	-291.708984
611.000000	-288.017578
619.000000	-284.326172
629.000000	-280.612793
639.000000	-276.811523
656.000000	-272.922363
671.000000	-268.923340
670.000000	-264.946289
653.000000	-261.057129
627.000000	-257.233887
624.000000	-253.520508
607.000000	-249.873047
591.000000	-246.313477
606.000000	-242.687988
612.000000	-239.018555
638.000000	-235.327148
630.000000	-231.525879
643.000000	-227.724609
631.000000	-223.923340
602.000000	-220.253906
567.000000	-216.760254
562.000000	-213.376465
560.000000	-209.992676
558.000000	-206.608887
589.000000	-203.115234
612.000000	-199.511719
631.000000	-195.776367
613.000000	-192.084961
605.000000	-188.437500
595.000000	-184.877930
576.000000	-181.384277
560.000000	-178.000488
562.000000	-174.660645
569.000000	-171.276855
587.000000	-167.805176
596.000000	-164.223633
618.000000	-160.576172
623.000000	-156.862793
609.000000	-153.171387
595.000000	-149.567871
580.000000	-146.118164
564.000000	-142.712402
561.000000	-139.350586
588.000000	-135.944824
586.000000	-132.429199
607.000000	-128.803711
621.000000	-125.068359
633.000000	-121.311035
621.000000	-117.597656
597.000000	-113.950195
596.000000	-110.412598
578.000000	-106.984863
577.000000	-103.513184
571.000000	-100.085449
589.000000	-96.591797
625.000000	-92.922363
631.000000	-89.165039
642.000000	-85.319824
636.000000	-81.540527
622.000000	-77.827148
593.000000	-74.245605
586.000000	-70.751953
586.000000	-67.236328
602.000000	-63.654785
628.000000	-59.919434
641.000000	-56.140137
653.000000	-52.272949
651.000000	-48.383789
651.000000	-44.516602
643.000000	-40.715332
622.000000	-37.023926
607.000000	-33.376465
605.000000	-29.729004
626.000000	-26.037598
634.000000	-22.324219
650.000000	-18.435059
681.000000	-14.436035
685.000000	-10.349121
674.000000	-6.306152
654.000000	-2.351074
629.000000	1.516113
630.000000	5.273438
620.000000	8.986816
635.000000	12.788086
659.000000	16.677246
683.000000	20.720215
693.000000	-335.148926
705.000000	-330.930176
678.000000	-326.843262
675.000000	-322.844238
640.000000	-318.955078
634.000000	-315.153809
635.000000	-311.374512
639.000000	-307.595215
654.000000	-303.728027
688.000000	-299.685059
691.000000	-295.620117
672.000000	-291.555176
667.000000	-287.512207
654.000000	-283.601074
636.000000	-279.799805
611.000000	-276.130371
611.000000	-272.460938
623.000000	-268.769531
631.000000	-265.056152
638.000000	-261.232910
651.000000	-257.343750
671.000000	-253.366699
661.000000	-249.433594
624.000000	-245.610352
613.000000	-241.940918
592.000000	-238.381348
584.000000	-234.909668
576.000000	-231.459961
614.000000	-227.856445
623.000000	-224.143066
634.000000	-220.385742
628.000000	-216.628418
623.000000	-212.958984
602.000000	-209.333496
574.000000	-205.861816
563.000000	-202.500000
561.000000	-199.138184
577.000000	-195.710449
580.000000	-192.216797
600.000000	-188.657227
627.000000	-184.987793
621.000000	-181.274414
620.000000	-177.583008
596.000000	-174.001465
579.000000	-170.551758
566.000000	-167.167969
546.000000	-163.850098
572.000000	-160.488281
576.000000	-157.060547
616.000000	-153.435059
628.000000	-149.721680
621.000000	-146.030273
621.000000	-142.316895
590.000000	-138.735352
584.000000	-135.197754
563.000000	-131.813965
561.000000	-128.430176
575.000000	-125.024414
601.000000	-121.486816
626.000000	-117.817383
623.000000	-114.082031
638.000000	-110.324707
643.000000	-106.523438
609.000000	-102.854004
572.000000	-99.338379
569.000000	-95.954590
576.000000	-92.548828
573.000000	-89.077148
609.000000	-85.473633
623.000000	-81.782227
647.000000	-77.958984
630.000000	-74.135742
631.000000	-70.312500
626.000000	-66.555176
606.000000	-62.863770
597.000000	-59.238281
601.000000	-55.700684
600.000000	-52.119141
619.000000	-48.471680
641.000000	-44.670410
661.000000	-40.781250
666.000000	-36.848145
652.000000	-32.893066
639.000000	-29.003906
624.000000	-25.246582
607.000000	-21.621094
609.000000	-17.973633
622.000000	-14.282227
649.000000	-10.458984
663.000000	-6.503906
677.000000	-2.416992
678.000000	1.647949
673.000000	5.712891
653.000000	9.711914
652.000000	13.601074
632.000000	17.402344
626.000000	21.181641
647.000000	-334.973145
665.000000	-331.040039
686.000000	-326.997070
674.000000	-322.888184
686.000000	-318.735352
684.000000	-314.626465
660.000000	-310.627441
642.000000	-306.782227
625.000000	-302.980957
632.000000	-299.223633
631.000000	-295.466309
636.000000	-291.643066
660.000000	-287.753906
686.000000	-283.688965
686.000000	-279.645996
663.000000	-275.625000
651.000000	-271.713867
625.000000	-267.934570
605.000000	-264.287109
590.000000	-260.727539
612.000000	-257.124023
637.000000	-253.366699
650.000000	-249.521484
668.000000	-245.588379
659.000000	-241.633301
631.000000	-237.810059
611.000000	-234.096680
590.000000	-230.559082
586.000000	-227.065430
572.000000	-223.593750
577.000000	-220.122070
588.000000	-216.606445
613.000000	-212.980957
630.000000	-209.245605
625.000000	-205.510254
615.000000	-201.796875
594.000000	-198.193359
584.000000	-194.677734
558.000000	-191.293945
558.000000	-187.976074
571.000000	-184.592285
601.000000	-181.098633
608.000000	-177.517090
619.000000	-173.803711
623.000000	-170.112305
613.000000	-166.442871
589.000000	-162.883301
578.000000	-159.455566
565.000000	-156.071777
564.000000	-152.709961
575.000000	-149.304199
593.000000	-145.810547
608.000000	-142.185059
622.000000	-138.471680
636.000000	-134.714355
629.000000	-130.979004
595.000000	-127.331543
585.000000	-123.837891
574.000000	-120.388184
567.000000	-116.982422
579.000000	-113.532715
600.000000	-110.017090
628.000000	-106.303711
637.000000	-102.502441
629.000000	-98.767090
621.000000	-95.031738
611.000000	-91.384277
588.000000	-87.846680
593.000000	-84.331055
581.000000	-80.881348
600.000000	-77.343750
604.000000	-73.740234
635.000000	-70.004883
660.000000	-66.137695
664.000000	-62.182617
655.000000	-58.271484
632.000000	-54.492188
604.000000	-50.866699
585.000000	-47.329102
599.000000	-43.791504
603.000000	-40.166016
626.000000	-36.452637
651.000000	-32.585449
670.000000	-28.608398
661.000000	-24.587402
657.000000	-20.654297
660.000000	-16.743164
640.000000	-12.941895
623.000000	-9.206543
620.000000	-5.471191
640.000000	-1.691895
658.000000	2.175293
671.000000	6.152344
677.000000	10.239258
707.000000	14.414063
687.000000	18.522949
659.000000	-337.500000
643.000000	-333.566895
637.000000	-329.721680
635.000000	-325.942383
635.000000	-322.163086
655.000000	-318.251953
682.000000	-314.252930
703.000000	-310.100098
690.000000	-305.991211
676.000000	-301.882324
667.000000	-297.905273
628.000000	-294.038086
615.000000	-290.324707
618.000000	-286.633301
621.000000	-282.919922
651.000000	-279.096680
661.000000	-275.185547
668.000000	-271.164551
666.000000	-267.165527
654.000000	-263.232422
622.000000	-259.409180
609.000000	-255.717773
603.000000	-252.070313
597.000000	-248.488770
610.000000	-244.863281
616.000000	-241.193848
639.000000	-237.436523
629.000000	-233.635254
638.000000	-229.833984
636.000000	-226.032715
610.000000	-222.341309
591.000000	-218.803711
566.000000	-215.397949
567.000000	-212.036133
574.000000	-208.586426
585.000000	-205.136719
611.000000	-201.489258
615.000000	-197.797852
625.000000	-194.018555
604.000000	-190.371094
584.000000	-186.833496
574.000000	-183.361816
558.000000	-179.978027
553.000000	-176.638184
567.000000	-173.254395
576.000000	-169.804688
601.000000	-166.201172
609.000000	-162.553711
622.000000	-158.840332
610.000000	-155.148926
602.000000	-151.545410
573.000000	-148.095703
571.000000	-144.689941
559.000000	-141.328125
573.000000	-137.944336
597.000000	-134.406738
618.000000	-130.781250
633.000000	-127.023926
627.000000	-123.288574
626.000000	-119.553223
610.000000	-115.905762
575.000000	-112.390137
577.000000	-108.940430
579.000000	-105.490723
584.000000	-102.019043
591.000000	-98.525391
617.000000	-94.877930
635.000000	-91.120605
634.000000	-87.319336
642.000000	-83.518066
621.000000	-79.804688
600.000000	-76.201172
573.000000	-72.707520
594.000000	-69.213867
598.000000	-65.654297
636.000000	-61.896973
650.000000	-58.095703
662.000000	-54.206543
654.000000	-50.317383
645.000000	-46.472168
632.000000	-42.692871
608.000000	-39.001465
604.000000	-35.375977
605.000000	-31.706543
619.000000	-28.037109
632.000000	-24.279785
647.000000	-20.434570
674.000000	-16.391602
690.000000	-12.348633
680.000000	-8.305664
654.000000	-4.328613
655.000000	-0.439453
620.000000	3.295898
621.000000	7.031250
634.000000	10.810547
648.000000	14.765625
688.000000	18.786621
688.000000	-337.104492
687.000000	-332.907715
677.000000	-328.776855
667.000000	-324.777832
651.000000	-320.866699
645.000000	-317.087402
641.000000	-313.308105
651.000000	-309.506836
656.000000	-305.639648
679.000000	-301.618652
685.000000	-297.531738
690.000000	-293.422852
669.000000	-289.423828
660.000000	-285.490723
629.000000	-281.689453
613.000000	-277.976074
612.000000	-274.306641
636.000000	-270.593262
624.000000	-266.835938
638.000000	-262.990723
657.000000	-259.079590
662.000000	-255.124512
656.000000	-251.191406
629.000000	-247.324219
616.000000	-243.610840
599.000000	-240.051270
575.000000	-236.579590
579.000000	-233.085938
602.000000	-229.526367
631.000000	-225.791016
630.000000	-222.011719
635.000000	-218.210449
618.000000	-214.519043
605.000000	-210.893555
571.000000	-207.399902
564.000000	-203.994141
569.000000	-200.632324
579.000000	-197.226563
584.000000	-193.710938
606.000000	-190.129395
613.000000	-186.481934
626.000000	-182.746582
610.000000	-179.077148
595.000000	-175.495605
565.000000	-172.023926
557.000000	-168.640137
555.000000	-165.300293
569.000000	-161.960449
591.000000	-158.488770
605.000000	-154.885254
613.000000	-151.171875
615.000000	-147.458496
611.000000	-143.745117
590.000000	-140.119629
594.000000	-136.625977
572.000000	-133.198242
567.000000	-129.792480
573.000000	-126.364746
598.000000	-122.849121
610.000000	-119.179688
627.000000	-115.444336
633.000000	-111.665039
627.000000	-107.907715
615.000000	-104.216309
578.000000	-100.700684
566.000000	-97.294922
569.000000	-93.911133
588.000000	-90.417480
603.000000	-86.857910
617.000000	-83.144531
641.000000	-79.321289
649.000000	-75.454102
640.000000	-71.674805
624.000000	-67.939453
615.000000	-64.270020
596.000000	-60.644531
585.000000	-57.084961
601.000000	-53.503418
616.000000	-49.877930
644.000000	-46.098633
646.000000	-42.209473
664.000000	-38.254395
660.000000	-34.321289
646.000000	-30.432129
632.000000	-26.696777
598.000000	-23.071289
604.000000	-19.445801
622.000000	-15.732422
645.000000	-11.931152
671.000000	-7.954102
685.000000	-3.889160
675.000000	0.219727
688.000000	4.284668
659.000000	8.261719
641.000000	12.150879
633.000000	15.952148
643.000000	19.753418
645.000000	-336.445313
670.000000	-332.512207
685.000000	-328.469238
692.000000	-324.360352
682.000000	-320.229492
685.000000	-316.098633
663.000000	-312.121582
640.000000	-308.254395
623.000000	-304.453125
632.000000	-300.717773
639.000000	-296.938477
647.000000	-293.115234
662.000000	-289.182129
687.000000	-285.161133
677.000000	-281.096191
664.000000	-277.097168
655.000000	-273.164063
636.000000	-269.384766
606.000000	-265.737305
596.000000	-262.177734
604.000000	-258.552246
634.000000	-254.838867
647.000000	-250.993652
662.000000	-247.038574
671.000000	-243.061523
646.000000	-239.216309
611.000000	-235.502930
581.000000	-231.943359
579.000000	-228.471680
589.000000	-224.978027
574.000000	-221.506348
591.000000	-217.968750
611.000000	-214.365234
631.000000	-210.629883
629.000000	-206.872559
619.000000	-203.181152
602.000000	-199.577637
589.000000	-196.062012
559.000000	-192.656250
565.000000	-189.316406
569.000000	-185.976563
582.000000	-182.482910
607.000000	-178.879395
627.000000	-175.187988
628.000000	-171.474609
614.000000	-167.805176
586.000000	-164.223633
574.000000	-160.773926
563.000000	-157.434082
560.000000	-154.072266
573.000000	-150.666504
583.000000	-147.194824
613.000000	-143.569336
622.000000	-139.855957
630.000000	-136.076660
622.000000	-132.363281
601.000000	-128.715820
571.000000	-125.222168
567.000000	-121.794434
569.000000	-118.388672
589.000000	-114.938965
600.000000	-111.401367
624.000000	-107.731934
642.000000	-103.930664
625.000000	-100.151367
608.000000	-96.459961
614.000000	-92.812500
592.000000	-89.230957
577.000000	-85.781250
578.000000	-82.331543
591.000000	-78.837891
615.000000	-75.190430
629.000000	-71.499023
650.000000	-67.631836
668.000000	-63.698730
648.000000	-59.765625
632.000000	-55.986328
610.000000	-52.316895
587.000000	-48.779297
596.000000	-45.241699
598.000000	-41.638184
629.000000	-37.946777
655.000000	-34.079590
667.000000	-30.102539
685.000000	-26.103516
656.000000	-22.192383
650.000000	-18.325195
639.000000	-14.523926
622.000000	-10.810547
618.000000	-7.097168
629.000000	-3.317871
644.000000	0.549316
669.000000	4.526367
697.000000	8.613281
686.000000	12.744141
685.000000	16.853027
668.000000	20.852051
658.000000	-335.236816
638.000000	-331.391602
628.000000	-327.612305
642.000000	-323.811035
655.000000	-319.899902
686.000000	-315.878906
691.000000	-311.770020
695.000000	-307.639160
682.000000	-303.552246
660.000000	-299.553223
641.000000	-295.686035
616.000000	-291.972656
612.000000	-288.281250
621.000000	-284.545898
647.000000	-280.766602
657.000000	-276.855469
677.000000	-272.834473
681.000000	-268.791504
662.000000	-264.858398
617.000000	-261.057129
602.000000	-257.343750
609.000000	-253.718262
598.000000	-250.136719
592.000000	-246.533203
633.000000	-242.819824
632.000000	-239.062500
650.000000	-235.239258
631.000000	-231.437988
630.000000	-227.636719
614.000000	-223.945313
591.000000	-220.385742
561.000000	-216.958008
562.000000	-213.596191
579.000000	-210.168457
580.000000	-206.674805
605.000000	-203.071289
629.000000	-199.357910
630.000000	-195.600586
604.000000	-191.909180
589.000000	-188.349609
569.000000	-184.921875
564.000000	-181.538086
562.000000	-178.176270
566.000000	-174.814453
587.000000	-171.364746
605.000000	-167.783203
606.000000	-164.091797
625.000000	-160.422363
604.000000	-156.752930
591.000000	-153.149414
579.000000	-149.655762
573.000000	-146.293945
553.000000	-142.932129
570.000000	-139.526367
595.000000	-135.988770
614.000000	-132.363281
622.000000	-128.605957
629.000000	-124.870605
623.000000	-121.135254
602.000000	-117.531738
581.000000	-113.994141
582.000000	-110.566406
577.000000	-107.138672
581.000000	-103.645020
591.000000	-100.107422
615.000000	-96.481934
636.000000	-92.746582
634.000000	-88.923340
645.000000	-85.122070
622.000000	-81.452637
602.000000	-77.871094
582.000000	-74.355469
577.000000	-70.883789
604.000000	-67.324219
628.000000	-63.654785
645.000000	-59.831543
662.000000	-55.942383
656.000000	-52.031250
638.000000	-48.229980
622.000000	-44.450684
622.000000	-40.759277
607.000000	-37.155762
619.000000	-33.530273
631.000000	-29.838867
640.000000	-26.059570
658.000000	-22.214355
675.000000	-18.281250
679.000000	-14.238281
676.000000	-10.195313
652.000000	-6.240234
632.000000	-2.373047
625.000000	1.384277
615.000000	5.097656
635.000000	8.833008
655.000000	12.744141
676.000000	16.765137
698.000000	20.917969
702.000000	-334.907227
695.000000	-330.754395
663.000000	-326.755371
642.000000	-322.866211
621.000000	-319.042969
641.000000	-315.263672
639.000000	-311.462402
651.000000	-307.595215
676.000000	-303.596191
701.000000	-299.465332
695.000000	-295.356445
661.000000	-291.335449
654.000000	-287.424316
625.000000	-283.601074
612.000000	-279.909668
613.000000	-276.262207
626.000000	-272.548828
639.000000	-268.747559
649.000000	-264.902344
657.000000	-260.991211
665.000000	-257.036133
669.000000	-253.103027
638.000000	-249.257813
612.000000	-245.522461
598.000000	-241.918945
590.000000	-238.403320
593.000000	-234.909668
603.000000	-231.328125
628.000000	-227.636719
639.000000	-223.813477
642.000000	-220.034180
613.000000	-216.320801
598.000000	-212.717285
