3500.000000	4.000000
3500.000000	2.000000
3500.000000	41.000000
3500.000000	47.000000
3500.000000	53.000000
3500.000000	80.000000
3500.000000	112.000000
3500.000000	134.000000
3500.000000	137.000000
3500.000000	151.000000
3500.000000	183.000000
3500.000000	189.000000
3500.000000	184.000000
3500.000000	203.000000
3500.000000	229.000000
3500.000000	255.000000
3500.000000	260.000000
3500.000000	282.000000
3500.000000	306.000000
3500.000000	306.000000
3500.000000	304.000000
3500.000000	317.000000
3500.000000	322.000000
3500.000000	331.000000
3500.000000	345.000000
3500.000000	364.000000
3500.000000	373.000000
3500.000000	370.000000
3500.000000	383.000000
3500.000000	384.000000
3500.000000	400.000000
3500.000000	407.000000
3500.000000	424.000000
3500.000000	417.000000
3500.000000	423.000000
3500.000000	416.000000
3500.000000	437.000000
3500.000000	440.000000
3500.000000	451.000000
3500.000000	460.000000
3500.000000	463.000000
3500.000000	459.000000
3500.000000	454.000000
3500.000000	478.000000
3500.000000	467.000000
3500.000000	476.000000
3500.000000	478.000000
3500.000000	492.000000
3500.000000	503.000000
3500.000000	496.000000
3500.000000	496.000000
3500.000000	502.000000
3500.000000	495.000000
3500.000000	518.000000
3500.000000	514.000000
3500.000000	518.000000
3500.000000	521.000000
3500.000000	524.000000
3500.000000	527.000000
3500.000000	531.000000
3500.000000	530.000000
3500.000000	519.000000
3500.000000	553.000000
3500.000000	555.000000
3500.000000	552.000000
3500.000000	536.000000
3500.000000	548.000000
3500.000000	546.000000
3500.000000	555.000000
3500.000000	556.000000
3500.000000	558.000000
3500.000000	565.000000
3500.000000	565.000000
3500.000000	567.000000
3500.000000	577.000000
3500.000000	578.000000
3500.000000	584.000000
3500.000000	580.000000
3500.000000	594.000000
3500.000000	576.000000
3500.000000	579.000000
3500.000000	591.000000
3500.000000	598.000000
3500.000000	582.000000
3500.000000	597.000000
3500.000000	613.000000
3500.000000	609.000000
3500.000000	589.000000
3500.000000	606.000000
3500.000000	609.000000
3500.000000	617.000000
3500.000000	612.000000
3500.000000	620.000000
3500.000000	642.000000
3500.000000	614.000000
3500.000000	618.000000
3500.000000	631.000000
3500.000000	639.000000
3500.000000	630.000000
3500.000000	630.000000
3500.000000	636.000000
3500.000000	645.000000
3500.000000	629.000000
3500.000000	627.000000
3500.000000	641.000000
3500.000000	638.000000
3500.000000	618.000000
3500.000000	627.000000
3500.000000	637.000000
3500.000000	632.000000
3500.000000	623.000000
3500.000000	621.000000
3500.000000	627.000000
3500.000000	629.000000
3500.000000	618.000000
3500.000000	623.000000
3500.000000	626.000000
3500.000000	616.000000
3500.000000	614.000000
3500.000000	605.000000
3500.000000	610.000000
3500.000000	609.000000
3500.000000	612.000000
3500.000000	613.000000
3500.000000	617.000000
3500.000000	593.000000
3500.000000	588.000000
3500.000000	594.000000
3500.000000	596.000000
3500.000000	601.000000
3500.000000	590.000000
3500.000000	590.000000
3500.000000	572.000000
3500.000000	576.000000
3500.000000	580.000000
3500.000000	570.000000
3500.000000	568.000000
3500.000000	578.000000
3500.000000	583.000000
3500.000000	570.000000
3500.000000	563.000000
3500.000000	567.000000
3500.000000	586.000000
3500.000000	572.000000
3500.000000	574.000000
3500.000000	571.000000
3500.000000	578.000000
3500.000000	563.000000
3500.000000	565.000000
3500.000000	572.000000
3500.000000	574.000000
3500.000000	579.000000
3500.000000	577.000000
3500.000000	583.000000
3500.000000	581.000000
3500.000000	585.000000
3500.000000	578.000000
3500.000000	579.000000
3500.000000	567.000000
3500.000000	582.000000
3500.000000	587.000000
3500.000000	585.000000
3500.000000	579.000000
3500.000000	582.000000
3500.000000	592.000000
3500.000000	592.000000
3500.000000	571.000000
3500.000000	583.000000
3500.000000	590.000000
3500.000000	587.000000
3500.000000	593.000000
3500.000000	583.000000
3500.000000	591.000000
3500.000000	591.000000
3500.000000	587.000000
3500.000000	599.000000
3500.000000	603.000000
3500.000000	614.000000
3500.000000	602.000000
3500.000000	598.000000
3500.000000	601.000000
3500.000000	605.000000
3500.000000	588.000000
3500.000000	605.000000
3500.000000	614.000000
3500.000000	616.000000
3500.000000	612.000000
3500.000000	616.000000
3500.000000	620.000000
3500.000000	621.000000
3500.000000	620.000000
3500.000000	633.000000
3500.000000	625.000000
3500.000000	650.000000
3500.000000	634.000000
3500.000000	631.000000
3500.000000	635.000000
3500.000000	647.000000
3500.000000	643.000000
3500.000000	635.000000
3500.000000	637.000000
3500.000000	651.000000
3500.000000	640.000000
3500.000000	633.000000
3500.000000	638.000000
3500.000000	638.000000
3500.000000	641.000000
3500.000000	636.000000
3500.000000	643.000000
3500.000000	649.000000
3500.000000	639.000000
3500.000000	629.000000
3500.000000	631.000000
3500.000000	637.000000
3500.000000	614.000000
3500.000000	627.000000
3500.000000	630.000000
3500.000000	620.000000
3500.000000	613.000000
3500.000000	612.000000
3500.000000	613.000000
3500.000000	613.000000
3500.000000	609.000000
3500.000000	602.000000
3500.000000	612.000000
3500.000000	603.000000
3500.000000	601.000000
3500.000000	594.000000
3500.000000	592.000000
3500.000000	604.000000
3500.000000	586.000000
3500.000000	579.000000
3500.000000	579.000000
3500.000000	583.000000
3500.000000	580.000000
3500.000000	576.000000
3500.000000	572.000000
3500.000000	582.000000
3500.000000	585.000000
3500.000000	570.000000
3500.000000	567.000000
3500.000000	571.000000
3500.000000	583.000000
3500.000000	578.000000
3500.000000	583.000000
3500.000000	571.000000
3500.000000	562.000000
3500.000000	573.000000
3500.000000	568.000000
3500.000000	565.000000
3500.000000	584.000000
3500.000000	580.000000
3500.000000	571.000000
3500.000000	573.000000
3500.000000	582.000000
3500.000000	586.000000
3500.000000	578.000000
3500.000000	574.000000
3500.000000	581.000000
3500.000000	581.000000
3500.000000	593.000000
3500.000000	585.000000
3500.000000	575.000000
3500.000000	585.000000
3500.000000	596.000000
3500.000000	589.000000
3500.000000	576.000000
3500.000000	587.000000
3500.000000	585.000000
3500.000000	586.000000
3500.000000	599.000000
3500.000000	589.000000
3500.000000	592.000000
3500.000000	594.000000
3500.000000	592.000000
3500.000000	601.000000
3500.000000	606.000000
3500.000000	619.000000
3500.000000	615.000000
3500.000000	592.000000
3500.000000	595.000000
3500.000000	615.000000
3500.000000	604.000000
3500.000000	600.000000
3500.000000	616.000000
3500.000000	626.000000
3500.000000	627.000000
3500.000000	605.000000
3500.000000	618.000000
3500.000000	623.000000
3500.000000	621.000000
3500.000000	621.000000
3500.000000	642.000000
3500.000000	646.000000
3500.000000	629.000000
3500.000000	636.000000
3500.000000	637.000000
3500.000000	639.000000
3500.000000	643.000000
3500.000000	633.000000
3500.000000	648.000000
3500.000000	640.000000
3500.000000	643.000000
3500.000000	642.000000
3500.000000	649.000000
3500.000000	643.000000
3500.000000	628.000000
3500.000000	628.000000
3500.000000	634.000000
3500.000000	633.000000
3500.000000	640.000000
3500.000000	620.000000
3500.000000	639.000000
3500.000000	624.000000
3500.000000	631.000000
3500.000000	630.000000
3500.000000	618.000000
3500.000000	628.000000
3500.000000	617.000000
3500.000000	617.000000
3500.000000	609.000000
3500.000000	617.000000
3500.000000	616.000000
3500.000000	609.000000
3500.000000	613.000000
3500.000000	608.000000
3500.000000	601.000000
3500.000000	593.000000
3500.000000	596.000000
3500.000000	598.000000
3500.000000	589.000000
3500.000000	576.000000
3500.000000	569.000000
3500.000000	583.000000
3500.000000	587.000000
3500.000000	576.000000
3500.000000	578.000000
3500.000000	579.000000
3500.000000	581.000000
3500.000000	570.000000
3500.000000	565.000000
3500.000000	575.000000
3500.000000	569.000000
3500.000000	581.000000
3500.000000	571.000000
3500.000000	575.000000
3500.000000	570.000000
3500.000000	567.000000
3500.000000	565.000000
3500.000000	567.000000
3500.000000	579.000000
3500.000000	568.000000
3500.000000	579.000000
3500.000000	580.000000
3500.000000	572.000000
3500.000000	587.000000
3500.000000	588.000000
3500.000000	579.000000
3500.000000	571.000000
3500.000000	585.000000
3500.000000	589.000000
3500.000000	589.000000
3500.000000	581.000000
3500.000000	590.000000
3500.000000	600.000000
3500.000000	580.000000
3500.000000	584.000000
3500.000000	586.000000
3500.000000	583.000000
3500.000000	576.000000
3500.000000	594.000000
3500.000000	591.000000
3500.000000	601.000000
3500.000000	590.000000
3500.000000	601.000000
3500.000000	601.000000
3500.000000	606.000000
3500.000000	615.000000
3500.000000	604.000000
3500.000000	601.000000
3500.000000	594.000000
3500.000000	595.000000
3500.000000	619.000000
3500.000000	606.000000
3500.000000	617.000000
3500.000000	619.000000
3500.000000	626.000000
3500.000000	618.000000
3500.000000	621.000000
3500.000000	625.000000
3500.000000	635.000000
3500.000000	627.000000
3500.000000	636.000000
3500.000000	636.000000
3500.000000	635.000000
3500.000000	635.000000
3500.000000	637.000000
3500.000000	645.000000
3500.000000	643.000000
3500.000000	624.000000
3500.000000	646.000000
3500.000000	641.000000
3500.000000	646.000000
3500.000000	636.000000
3500.000000	647.000000
3500.000000	645.000000
3500.000000	642.000000
3500.000000	628.000000
3500.000000	638.000000
3500.000000	635.000000
3500.000000	635.000000
3500.000000	629.000000
3500.000000	640.000000
3500.000000	638.000000
3500.000000	632.000000
3500.000000	614.000000
3500.000000	634.000000
3500.000000	619.000000
3500.000000	607.000000
3500.000000	611.000000
3500.000000	606.000000
3500.000000	627.000000
3500.000000	616.000000
3500.000000	616.000000
3500.000000	616.000000
3500.000000	599.000000
3500.000000	601.000000
3500.000000	585.000000
3500.000000	600.000000
3500.000000	599.000000
3500.000000	593.000000
3500.000000	588.000000
3500.000000	579.000000
3500.000000	577.000000
3500.000000	580.000000
3500.000000	582.000000
3500.000000	580.000000
3500.000000	578.000000
3500.000000	579.000000
3500.000000	579.000000
3500.000000	560.000000
3500.000000	572.000000
3500.000000	574.000000
3500.000000	567.000000
3500.000000	571.000000
3500.000000	575.000000
3500.000000	583.000000
3500.000000	574.000000
3500.000000	573.000000
3500.000000	582.000000
3500.000000	578.000000
3500.000000	579.000000
3500.000000	584.000000
3500.000000	576.000000
3500.000000	582.000000
3500.000000	586.000000
3500.000000	577.000000
3500.000000	582.000000
3500.000000	575.000000
3500.000000	583.000000
3500.000000	582.000000
3500.000000	582.000000
3500.000000	589.000000
3500.000000	589.000000
3500.000000	589.000000
3500.000000	586.000000
3500.000000	575.000000
3500.000000	572.000000
3500.000000	594.000000
3500.000000	589.000000
3500.000000	579.000000
3500.000000	599.000000
3500.000000	599.000000
3500.000000	586.000000
3500.000000	593.000000
3500.000000	609.000000
3500.000000	614.000000
3500.000000	608.000000
3500.000000	616.000000
3500.000000	604.000000
3500.000000	608.000000
3500.000000	601.000000
3500.000000	605.000000
3500.000000	619.000000
3500.000000	616.000000
3500.000000	622.000000
3500.000000	619.000000
3500.000000	609.000000
3500.000000	626.000000
3500.000000	623.000000
3500.000000	634.000000
3500.000000	644.000000
3500.000000	634.000000
3500.000000	618.000000
3500.000000	626.000000
3500.000000	636.000000
3500.000000	654.000000
3500.000000	649.000000
3500.000000	653.000000
3500.000000	648.000000
3500.000000	636.000000
3500.000000	635.000000
3500.000000	648.000000
3500.000000	645.000000
3500.000000	646.000000
3500.000000	636.000000
3500.000000	645.000000
3500.000000	631.000000
3500.000000	640.000000
3500.000000	636.000000
3500.000000	638.000000
3500.000000	616.000000
3500.000000	636.000000
3500.000000	620.000000
3500.000000	633.000000
3500.000000	622.000000
3500.000000	629.000000
3500.000000	622.000000
3500.000000	613.000000
3500.000000	606.000000
3500.000000	613.000000
3500.000000	615.000000
3500.000000	622.000000
3500.000000	618.000000
3500.000000	602.000000
3500.000000	603.000000
3500.000000	591.000000
3500.000000	592.000000
3500.000000	599.000000
3500.000000	599.000000
3500.000000	585.000000
3500.000000	580.000000
3500.000000	583.000000
3500.000000	573.000000
3500.000000	570.000000
3500.000000	576.000000
3500.000000	578.000000
3500.000000	592.000000
3500.000000	571.000000
3500.000000	576.000000
3500.000000	571.000000
3500.000000	565.000000
3500.000000	579.000000
3500.000000	575.000000
3500.000000	571.000000
3500.000000	572.000000
3500.000000	581.000000
3500.000000	570.000000
3500.000000	575.000000
3500.000000	572.000000
3500.000000	587.000000
3500.000000	578.000000
3500.000000	575.000000
3500.000000	580.000000
3500.000000	578.000000
3500.000000	581.000000
3500.000000	586.000000
3500.000000	575.000000
3500.000000	587.000000
3500.000000	580.000000
3500.000000	582.000000
3500.000000	585.000000
3500.000000	588.000000
3500.000000	599.000000
3500.000000	584.000000
3500.000000	574.000000
3500.000000	577.000000
3500.000000	582.000000
3500.000000	581.000000
3500.000000	599.000000
3500.000000	588.000000
3500.000000	588.000000
3500.000000	597.000000
3500.000000	597.000000
3500.000000	598.000000
3500.000000	605.000000
3500.000000	611.000000
3500.000000	601.000000
3500.000000	597.000000
3500.000000	602.000000
3500.000000	608.000000
3500.000000	609.000000
3500.000000	616.000000
3500.000000	617.000000
3500.000000	622.000000
3500.000000	619.000000
3500.000000	599.000000
3500.000000	618.000000
3500.000000	635.000000
3500.000000	633.000000
3500.000000	625.000000
3500.000000	629.000000
3500.000000	637.000000
3500.000000	624.000000
3500.000000	620.000000
3500.000000	647.000000
3500.000000	654.000000
3500.000000	649.000000
3500.000000	637.000000
3500.000000	654.000000
3500.000000	650.000000
3500.000000	641.000000
3500.000000	646.000000
3500.000000	657.000000
3500.000000	649.000000
3500.000000	635.000000
3500.000000	636.000000
3500.000000	639.000000
3500.000000	639.000000
3500.000000	630.000000
3500.000000	627.000000
3500.000000	631.000000
3500.000000	634.000000
3500.000000	625.000000
3500.000000	635.000000
3500.000000	630.000000
3500.000000	622.000000
3500.000000	608.000000
3500.000000	609.000000
3500.000000	612.000000
3500.000000	610.000000
3500.000000	618.000000
3500.000000	618.000000
3500.000000	617.000000
3500.000000	602.000000
3500.000000	596.000000
3500.000000	593.000000
3500.000000	594.000000
3500.000000	601.000000
3500.000000	586.000000
3500.000000	595.000000
3500.000000	576.000000
3500.000000	572.000000
3500.000000	584.000000
3500.000000	578.000000
3500.000000	563.000000
3500.000000	578.000000
3500.000000	585.000000
3500.000000	580.000000
3500.000000	561.000000
3500.000000	575.000000
3500.000000	585.000000
3500.000000	578.000000
3500.000000	576.000000
3500.000000	578.000000
3500.000000	576.000000
3500.000000	561.000000
3500.000000	568.000000
3500.000000	573.000000
3500.000000	573.000000
3500.000000	577.000000
3500.000000	573.000000
3500.000000	577.000000
3500.000000	576.000000
3500.000000	582.000000
3500.000000	584.000000
3500.000000	583.000000
3500.000000	576.000000
3500.000000	583.000000
3500.000000	590.000000
3500.000000	587.000000
3500.000000	586.000000
3500.000000	584.000000
3500.000000	596.000000
3500.000000	592.000000
3500.000000	576.000000
3500.000000	568.000000
3500.000000	592.000000
3500.000000	585.000000
3500.000000	592.000000
3500.000000	593.000000
3500.000000	595.000000
3500.000000	592.000000
3500.000000	592.000000
3500.000000	608.000000
3500.000000	609.000000
3500.000000	614.000000
3500.000000	605.000000
3500.000000	594.000000
3500.000000	597.000000
3500.000000	611.000000
3500.000000	604.000000
3500.000000	607.000000
3500.000000	620.000000
3500.000000	622.000000
3500.000000	621.000000
3500.000000	606.000000
3500.000000	616.000000
3500.000000	621.000000
3500.000000	634.000000
3500.000000	633.000000
3500.000000	638.000000
3500.000000	630.000000
3500.000000	635.000000
3500.000000	638.000000
3500.000000	648.000000
3500.000000	638.000000
3500.000000	651.000000
3500.000000	640.000000
3500.000000	646.000000
3500.000000	647.000000
3500.000000	647.000000
3500.000000	646.000000
3500.000000	637.000000
3500.000000	646.000000
3500.000000	639.000000
3500.000000	635.000000
3500.000000	631.000000
3500.000000	636.000000
3500.000000	649.000000
3500.000000	621.000000
3500.000000	625.000000
3500.000000	629.000000
3500.000000	629.000000
3500.000000	623.000000
3500.000000	615.000000
3500.000000	621.000000
3500.000000	612.000000
3500.000000	611.000000
3500.000000	614.000000
3500.000000	617.000000
3500.000000	622.000000
3500.000000	611.000000
3500.000000	608.000000
3500.000000	606.000000
3500.000000	595.000000
3500.000000	584.000000
3500.000000	590.000000
3500.000000	608.000000
3500.000000	583.000000
3500.000000	582.000000
3500.000000	586.000000
3500.000000	591.000000
3500.000000	576.000000
3500.000000	588.000000
3500.000000	585.000000
3500.000000	580.000000
3500.000000	569.000000
3500.000000	572.000000
3500.000000	568.000000
3500.000000	575.000000
3500.000000	572.000000
3500.000000	571.000000
3500.000000	567.000000
3500.000000	577.000000
3500.000000	570.000000
3500.000000	567.000000
3500.000000	578.000000
3500.000000	567.000000
3500.000000	580.000000
3500.000000	582.000000
3500.000000	587.000000
3500.000000	572.000000
3500.000000	571.000000
3500.000000	589.000000
3500.000000	579.000000
3500.000000	584.000000
3500.000000	582.000000
3500.000000	583.000000
3500.000000	586.000000
3500.000000	584.000000
3500.000000	586.000000
3500.000000	585.000000
3500.000000	585.000000
3500.000000	576.000000
3500.000000	574.000000
3500.000000	582.000000
3500.000000	595.000000
3500.000000	591.000000
3500.000000	583.000000
3500.000000	605.000000
3500.000000	590.000000
3500.000000	578.000000
3500.000000	600.000000
3500.000000	600.000000
3500.000000	603.000000
3500.000000	604.000000
3500.000000	610.000000
3500.000000	605.000000
3500.000000	597.000000
3500.000000	608.000000
3500.000000	611.000000
3500.000000	610.000000
3500.000000	621.000000
3500.000000	630.000000
3500.000000	626.000000
3500.000000	605.000000
3500.000000	621.000000
3500.000000	632.000000
3500.000000	638.000000
3500.000000	622.000000
3500.000000	636.000000
3500.000000	640.000000
3500.000000	637.000000
3500.000000	621.000000
3500.000000	633.000000
3500.000000	650.000000
3500.000000	646.000000
3500.000000	639.000000
3500.000000	645.000000
3500.000000	645.000000
3500.000000	648.000000
3500.000000	642.000000
3500.000000	645.000000
3500.000000	635.000000
3500.000000	635.000000
3500.000000	645.000000
3500.000000	647.000000
3500.000000	635.000000
3500.000000	634.000000
3500.000000	634.000000
3500.000000	624.000000
3500.000000	617.000000
3500.000000	629.000000
3500.000000	632.000000
3500.000000	623.000000
3500.000000	620.000000
3500.000000	621.000000
3500.000000	617.000000
3500.000000	614.000000
3500.000000	610.000000
3500.000000	614.000000
3500.000000	613.000000
3500.000000	609.000000
3500.000000	595.000000
3500.000000	598.000000
3500.000000	586.000000
3500.000000	594.000000
3500.000000	587.000000
3500.000000	592.000000
3500.000000	587.000000
3500.000000	580.000000
3500.000000	583.000000
3500.000000	582.000000
3500.000000	578.000000
3500.000000	579.000000
3500.000000	574.000000
3500.000000	578.000000
3500.000000	571.000000
3500.000000	568.000000
3500.000000	576.000000
3500.000000	577.000000
3500.000000	577.000000
3500.000000	560.000000
3500.000000	568.000000
3500.000000	589.000000
3500.000000	559.000000
3500.000000	560.000000
3500.000000	577.000000
3500.000000	585.000000
3500.000000	569.000000
3500.000000	573.000000
3500.000000	577.000000
3500.000000	578.000000
3500.000000	572.000000
3500.000000	584.000000
3500.000000	582.000000
3500.000000	582.000000
3500.000000	588.000000
3500.000000	581.000000
3500.000000	589.000000
3500.000000	589.000000
3500.000000	593.000000
3500.000000	595.000000
3500.000000	578.000000
3500.000000	580.000000
3500.000000	584.000000
3500.000000	574.000000
3500.000000	599.000000
3500.000000	578.000000
3500.000000	583.000000
3500.000000	598.000000
3500.000000	598.000000
3500.000000	596.000000
3500.000000	603.000000
3500.000000	604.000000
3500.000000	606.000000
3500.000000	594.000000
3500.000000	599.000000
3500.000000	606.000000
3500.000000	611.000000
3500.000000	613.000000
3500.000000	617.000000
3500.000000	628.000000
3500.000000	619.000000
3500.000000	611.000000
3500.000000	623.000000
3500.000000	624.000000
3500.000000	628.000000
3500.000000	637.000000
3500.000000	636.000000
3500.000000	637.000000
3500.000000	628.000000
3500.000000	622.000000
3500.000000	645.000000
3500.000000	654.000000
3500.000000	644.000000
3500.000000	639.000000
3500.000000	649.000000
3500.000000	655.000000
3500.000000	638.000000
3500.000000	643.000000
3500.000000	648.000000
3500.000000	647.000000
3500.000000	643.000000
3500.000000	636.000000
3500.000000	638.000000
3500.000000	647.000000
3500.000000	633.000000
3500.000000	623.000000
3500.000000	635.000000
3500.000000	629.000000
3500.000000	626.000000
3500.000000	631.000000
3500.000000	630.000000
3500.000000	624.000000
3500.000000	612.000000
3500.000000	611.000000
3500.000000	611.000000
3500.000000	613.000000
3500.000000	608.000000
3500.000000	619.000000
3500.000000	622.000000
3500.000000	600.000000
3500.000000	599.000000
3500.000000	593.000000
3500.000000	595.000000
3500.000000	600.000000
3500.000000	588.000000
3500.000000	588.000000
3500.000000	578.000000
3500.000000	575.000000
3500.000000	580.000000
3500.000000	577.000000
3500.000000	567.000000
3500.000000	580.000000
3500.000000	587.000000
3500.000000	581.000000
3500.000000	564.000000
3500.000000	567.000000
3500.000000	580.000000
3500.000000	580.000000
3500.000000	570.000000
3500.000000	571.000000
3500.000000	577.000000
3500.000000	572.000000
3500.000000	568.000000
3500.000000	577.000000
3500.000000	578.000000
3500.000000	578.000000
3500.000000	562.000000
3500.000000	572.000000
3500.000000	582.000000
3500.000000	584.000000
3500.000000	581.000000
3500.000000	585.000000
3500.000000	573.000000
3500.000000	576.000000
3500.000000	587.000000
3500.000000	585.000000
3500.000000	586.000000
3500.000000	585.000000
3500.000000	596.000000
3500.000000	597.000000
3500.000000	568.000000
3500.000000	574.000000
3500.000000	584.000000
3500.000000	596.000000
3500.000000	586.000000
3500.000000	591.000000
3500.000000	590.000000
3500.000000	596.000000
3500.000000	593.000000
3500.000000	602.000000
3500.000000	611.000000
3500.000000	616.000000
3500.000000	609.000000
3500.000000	600.000000
3500.000000	601.000000
3500.000000	608.000000
3500.000000	603.000000
3500.000000	611.000000
3500.000000	613.000000
3500.000000	617.000000
3500.000000	628.000000
3500.000000	612.000000
3500.000000	613.000000
3500.000000	620.000000
3500.000000	617.000000
3500.000000	642.000000
3500.000000	637.000000
3500.000000	639.000000
3500.000000	645.000000
3500.000000	643.000000
3500.000000	638.000000
3500.000000	641.000000
3500.000000	645.000000
3500.000000	634.000000
3500.000000	642.000000
3500.000000	649.000000
3500.000000	652.000000
3500.000000	644.000000
3500.000000	642.000000
3500.000000	638.000000
3500.000000	641.000000
3500.000000	637.000000
3500.000000	638.000000
3500.000000	635.000000
3500.000000	640.000000
3500.000000	623.000000
3500.000000	619.000000
3500.000000	631.000000
3500.000000	638.000000
3500.000000	617.000000
3500.000000	610.000000
3500.000000	620.000000
3500.000000	623.000000
3500.000000	618.000000
3500.000000	616.000000
3500.000000	618.000000
3500.000000	620.000000
3500.000000	610.000000
3500.000000	614.000000
3500.000000	608.000000
3500.000000	607.000000
3500.000000	586.000000
3500.000000	587.000000
3500.000000	603.000000
3500.000000	589.000000
3500.000000	574.000000
3500.000000	579.000000
3500.000000	589.000000
3500.000000	576.000000
3500.000000	583.000000
3500.000000	583.000000
3500.000000	578.000000
3500.000000	582.000000
3500.000000	570.000000
3500.000000	569.000000
3500.000000	570.000000
3500.000000	564.000000
3500.000000	568.000000
3500.000000	568.000000
3500.000000	577.000000
3500.000000	571.000000
3500.000000	574.000000
3500.000000	576.000000
3500.000000	575.000000
3500.000000	584.000000
3500.000000	582.000000
3500.000000	579.000000
3500.000000	573.000000
3500.000000	576.000000
3500.000000	587.000000
3500.000000	579.000000
3500.000000	572.000000
3500.000000	579.000000
3500.000000	580.000000
3500.000000	587.000000
3500.000000	592.000000
3500.000000	577.000000
3500.000000	593.000000
3500.000000	585.000000
3500.000000	573.000000
3500.000000	579.000000
3500.000000	584.000000
3500.000000	592.000000
3500.000000	587.000000
3500.000000	585.000000
3500.000000	591.000000
3500.000000	597.000000
3500.000000	590.000000
3500.000000	602.000000
3500.000000	603.000000
3500.000000	612.000000
3500.000000	598.000000
3500.000000	612.000000
3500.000000	599.000000
3500.000000	603.000000
3500.000000	602.000000
3500.000000	616.000000
3500.000000	622.000000
3500.000000	618.000000
3500.000000	618.000000
3500.000000	620.000000
3500.000000	607.000000
3500.000000	619.000000
3500.000000	628.000000
3500.000000	638.000000
3500.000000	632.000000
3500.000000	645.000000
3500.000000	632.000000
3500.000000	639.000000
3500.000000	633.000000
3500.000000	655.000000
3500.000000	636.000000
3500.000000	649.000000
3500.000000	652.000000
3500.000000	647.000000
3500.000000	644.000000
3500.000000	639.000000
3500.000000	642.000000
3500.000000	644.000000
3500.000000	636.000000
3500.000000	636.000000
3500.000000	638.000000
3500.000000	647.000000
3500.000000	638.000000
3500.000000	630.000000
3500.000000	617.000000
3500.000000	635.000000
3500.000000	625.000000
3500.000000	623.000000
3500.000000	631.000000
3500.000000	629.000000
3500.000000	610.000000
3500.000000	610.000000
3500.000000	614.000000
3500.000000	614.000000
3500.000000	611.000000
3500.000000	625.000000
3500.000000	619.000000
3500.000000	614.000000
3500.000000	599.000000
3500.000000	589.000000
3500.000000	590.000000
3500.000000	588.000000
3500.000000	590.000000
3500.000000	591.000000
3500.000000	580.000000
3500.000000	581.000000
3500.000000	578.000000
3500.000000	567.000000
3500.000000	580.000000
3500.000000	568.000000
3500.000000	574.000000
3500.000000	579.000000
3500.000000	564.000000
3500.000000	571.000000
3500.000000	570.000000
3500.000000	587.000000
3500.000000	582.000000
3500.000000	557.000000
3500.000000	578.000000
3500.000000	582.000000
3500.000000	564.000000
3500.000000	563.000000
3500.000000	580.000000
3500.000000	582.000000
3500.000000	568.000000
3500.000000	577.000000
3500.000000	581.000000
3500.000000	583.000000
3500.000000	584.000000
3500.000000	585.000000
3500.000000	588.000000
3500.000000	583.000000
3500.000000	584.000000
3500.000000	577.000000
3500.000000	581.000000
3500.000000	592.000000
3500.000000	584.000000
3500.000000	595.000000
3500.000000	576.000000
3500.000000	581.000000
3500.000000	584.000000
3500.000000	591.000000
3500.000000	597.000000
3500.000000	580.000000
3500.000000	587.000000
3500.000000	594.000000
3500.000000	598.000000
3500.000000	591.000000
3500.000000	601.000000
3500.000000	617.000000
3500.000000	601.000000
3500.000000	602.000000
3500.000000	605.000000
3500.000000	603.000000
3500.000000	612.000000
3500.000000	607.000000
3500.000000	618.000000
3500.000000	619.000000
3500.000000	614.000000
3500.000000	607.000000
3500.000000	617.000000
3500.000000	628.000000
3500.000000	627.000000
3500.000000	635.000000
3500.000000	637.000000
3500.000000	640.000000
3500.000000	630.000000
3500.000000	629.000000
3500.000000	645.000000
3500.000000	646.000000
3500.000000	654.000000
3500.000000	641.000000
3500.000000	652.000000
3500.000000	650.000000
3500.000000	643.000000
3500.000000	641.000000
3500.000000	644.000000
3500.000000	633.000000
3500.000000	634.000000
3500.000000	643.000000
3500.000000	640.000000
3500.000000	642.000000
3500.000000	631.000000
3500.000000	627.000000
3500.000000	625.000000
3500.000000	622.000000
3500.000000	620.000000
3500.000000	624.000000
3500.000000	630.000000
3500.000000	616.000000
3500.000000	617.000000
3500.000000	615.000000
3500.000000	611.000000
3500.000000	623.000000
3500.000000	624.000000
3500.000000	620.000000
3500.000000	617.000000
3500.000000	609.000000
3500.000000	597.000000
3500.000000	590.000000
3500.000000	587.000000
3500.000000	598.000000
3500.000000	600.000000
3500.000000	589.000000
3500.000000	579.000000
3500.000000	586.000000
3500.000000	587.000000
3500.000000	576.000000
3500.000000	568.000000
3500.000000	584.000000
3500.000000	585.000000
3500.000000	583.000000
3500.000000	565.000000
3500.000000	567.000000
3500.000000	581.000000
3500.000000	577.000000
3500.000000	591.000000
3500.000000	572.000000
3500.000000	576.000000
3500.000000	560.000000
3500.000000	567.000000
3500.000000	576.000000
3500.000000	576.000000
3500.000000	574.000000
3500.000000	563.000000
3500.000000	578.000000
3500.000000	570.000000
3500.000000	577.000000
3500.000000	582.000000
3500.000000	585.000000
3500.000000	574.000000
3500.000000	572.000000
3500.000000	588.000000
3500.000000	578.000000
3500.000000	573.000000
3500.000000	589.000000
3500.000000	600.000000
3500.000000	594.000000
3500.000000	573.000000
3500.000000	590.000000
3500.000000	584.000000
3500.000000	589.000000
3500.000000	586.000000
3500.000000	590.000000
3500.000000	591.000000
3500.000000	592.000000
3500.000000	594.000000
3500.000000	598.000000
3500.000000	610.000000
3500.000000	602.000000
3500.000000	603.000000
3500.000000	597.000000
3500.000000	600.000000
3500.000000	597.000000
3500.000000	605.000000
3500.000000	609.000000
3500.000000	621.000000
3500.000000	606.000000
3500.000000	621.000000
3500.000000	611.000000
3500.000000	617.000000
3500.000000	629.000000
3500.000000	626.000000
3500.000000	636.000000
3500.000000	631.000000
3500.000000	634.000000
3500.000000	631.000000
3500.000000	632.000000
3500.000000	619.000000
3500.000000	645.000000
3500.000000	646.000000
3500.000000	639.000000
3500.000000	643.000000
3500.000000	648.000000
3500.000000	641.000000
3500.000000	635.000000
3500.000000	637.000000
3500.000000	646.000000
3500.000000	645.000000
3500.000000	631.000000
3500.000000	634.000000
3500.000000	650.000000
3500.000000	630.000000
3500.000000	616.000000
3500.000000	629.000000
3500.000000	629.000000
3500.000000	632.000000
3500.000000	620.000000
3500.000000	613.000000
3500.000000	627.000000
3500.000000	612.000000
3500.000000	601.000000
3500.000000	616.000000
3500.000000	615.000000
3500.000000	626.000000
3500.000000	603.000000
3500.000000	617.000000
3500.000000	608.000000
3500.000000	588.000000
3500.000000	588.000000
3500.000000	592.000000
3500.000000	600.000000
3500.000000	587.000000
3500.000000	590.000000
3500.000000	573.000000
3500.000000	579.000000
3500.000000	580.000000
3500.000000	584.000000
3500.000000	577.000000
3500.000000	573.000000
3500.000000	585.000000
3500.000000	575.000000
3500.000000	573.000000
3500.000000	572.000000
3500.000000	560.000000
3500.000000	577.000000
3500.000000	576.000000
3500.000000	575.000000
3500.000000	574.000000
3500.000000	569.000000
3500.000000	572.000000
3500.000000	566.000000
3500.000000	578.000000
3500.000000	573.000000
3500.000000	558.000000
3500.000000	578.000000
3500.000000	574.000000
3500.000000	586.000000
3500.000000	582.000000
3500.000000	574.000000
3500.000000	579.000000
3500.000000	581.000000
3500.000000	580.000000
3500.000000	585.000000
3500.000000	577.000000
3500.000000	586.000000
3500.000000	594.000000
3500.000000	591.000000
3500.000000	577.000000
3500.000000	579.000000
3500.000000	579.000000
3500.000000	589.000000
3500.000000	598.000000
3500.000000	587.000000
3500.000000	595.000000
3500.000000	595.000000
3500.000000	604.000000
3500.000000	590.000000
3500.000000	618.000000
3500.000000	609.000000
3500.000000	601.000000
3500.000000	605.000000
3500.000000	606.000000
3500.000000	611.000000
3500.000000	605.000000
3500.000000	603.000000
3500.000000	623.000000
3500.000000	619.000000
3500.000000	616.000000
3500.000000	610.000000
3500.000000	621.000000
3500.000000	631.000000
3500.000000	614.000000
3500.000000	624.000000
3500.000000	640.000000
3500.000000	640.000000
3500.000000	626.000000
3500.000000	634.000000
3500.000000	633.000000
3500.000000	645.000000
3500.000000	642.000000
3500.000000	641.000000
3500.000000	650.000000
3500.000000	638.000000
3500.000000	657.000000
3500.000000	642.000000
3500.000000	644.000000
3500.000000	641.000000
3500.000000	645.000000
3500.000000	630.000000
3500.000000	633.000000
3500.000000	633.000000
3500.000000	637.000000
3500.000000	633.000000
3500.000000	623.000000
3500.000000	626.000000
3500.000000	626.000000
3500.000000	636.000000
3500.000000	624.000000
3500.000000	613.000000
3500.000000	618.000000
3500.000000	608.000000
3500.000000	611.000000
3500.000000	612.000000
3500.000000	613.000000
3500.000000	613.000000
3500.000000	611.000000
3500.000000	602.000000
3500.000000	604.000000
3500.000000	584.000000
3500.000000	589.000000
3500.000000	605.000000
3500.000000	593.000000
3500.000000	581.000000
3500.000000	576.000000
3500.000000	591.000000
3500.000000	578.000000
3500.000000	578.000000
3500.000000	581.000000
3500.000000	581.000000
3500.000000	577.000000
3500.000000	572.000000
3500.000000	571.000000
3500.000000	571.000000
3500.000000	570.000000
3500.000000	571.000000
3500.000000	570.000000
3500.000000	581.000000
3500.000000	577.000000
3500.000000	572.000000
3500.000000	574.000000
3500.000000	574.000000
3500.000000	573.000000
3500.000000	581.000000
3500.000000	586.000000
3500.000000	578.000000
3500.000000	578.000000
3500.000000	586.000000
3500.000000	581.000000
3500.000000	579.000000
3500.000000	573.000000
3500.000000	581.000000
3500.000000	587.000000
3500.000000	587.000000
3500.000000	586.000000
3500.000000	591.000000
3500.000000	594.000000
3500.000000	578.000000
3500.000000	573.000000
3500.000000	584.000000
3500.000000	580.000000
3500.000000	580.000000
3500.000000	592.000000
3500.000000	590.000000
3500.000000	601.000000
3500.000000	582.000000
3500.000000	601.000000
3500.000000	601.000000
3500.000000	610.000000
3500.000000	608.000000
3500.000000	615.000000
3500.000000	603.000000
3500.000000	595.000000
3500.000000	605.000000
3500.000000	606.000000
3500.000000	600.000000
3500.000000	614.000000
3500.000000	628.000000
3500.000000	622.000000
3500.000000	610.000000
3500.000000	622.000000
3500.000000	626.000000
3500.000000	637.000000
3500.000000	631.000000
3500.000000	631.000000
3500.000000	631.000000
3500.000000	636.000000
3500.000000	647.000000
3500.000000	645.000000
3500.000000	633.000000
3500.000000	655.000000
3500.000000	646.000000
3500.000000	644.000000
3500.000000	638.000000
3500.000000	640.000000
3500.000000	646.000000
3500.000000	645.000000
3500.000000	643.000000
3500.000000	646.000000
3500.000000	638.000000
3500.000000	644.000000
3500.000000	630.000000
3500.000000	621.000000
3500.000000	639.000000
3500.000000	636.000000
3500.000000	628.000000
3500.000000	633.000000
3500.000000	620.000000
3500.000000	628.000000
3500.000000	605.000000
3500.000000	615.000000
3500.000000	619.000000
3500.000000	618.000000
3500.000000	615.000000
3500.000000	614.000000
3500.000000	613.000000
3500.000000	610.000000
3500.000000	592.000000
3500.000000	597.000000
3500.000000	592.000000
3500.000000	594.000000
3500.000000	594.000000
3500.000000	590.000000
3500.000000	586.000000
3500.000000	575.000000
3500.000000	575.000000
3500.000000	578.000000
3500.000000	581.000000
3500.000000	581.000000
3500.000000	580.000000
3500.000000	573.000000
3500.000000	572.000000
3500.000000	570.000000
3500.000000	570.000000
3500.000000	581.000000
3500.000000	582.000000
3500.000000	557.000000
3500.000000	572.000000
3500.000000	578.000000
3500.000000	572.000000
3500.000000	574.000000
3500.000000	575.000000
3500.000000	585.000000
3500.000000	569.000000
3500.000000	583.000000
3500.000000	581.000000
3500.000000	579.000000
3500.000000	581.000000
3500.000000	582.000000
3500.000000	585.000000
3500.000000	581.000000
3500.000000	585.000000
3500.000000	586.000000
3500.000000	586.000000
3500.000000	591.000000
3500.000000	590.000000
3500.000000	597.000000
3500.000000	581.000000
3500.000000	565.000000
3500.000000	582.000000
3500.000000	587.000000
3500.000000	599.000000
3500.000000	598.000000
3500.000000	590.000000
3500.000000	600.000000
3500.000000	602.000000
3500.000000	597.000000
3500.000000	609.000000
3500.000000	609.000000
3500.000000	596.000000
3500.000000	605.000000
3500.000000	601.000000
3500.000000	604.000000
3500.000000	609.000000
3500.000000	605.000000
3500.000000	621.000000
3500.000000	625.000000
3500.000000	610.000000
3500.000000	615.000000
3500.000000	617.000000
3500.000000	629.000000
3500.000000	631.000000
3500.000000	631.000000
3500.000000	643.000000
3500.000000	642.000000
3500.000000	618.000000
3500.000000	637.000000
3500.000000	639.000000
3500.000000	647.000000
3500.000000	639.000000
3500.000000	636.000000
3500.000000	654.000000
3500.000000	642.000000
3500.000000	639.000000
3500.000000	643.000000
3500.000000	643.000000
3500.000000	648.000000
3500.000000	641.000000
3500.000000	644.000000
3500.000000	640.000000
3500.000000	632.000000
3500.000000	637.000000
3500.000000	628.000000
3500.000000	635.000000
3500.000000	633.000000
3500.000000	625.000000
3500.000000	631.000000
3500.000000	620.000000
3500.000000	618.000000
3500.000000	621.000000
3500.000000	612.000000
3500.000000	606.000000
3500.000000	617.000000
3500.000000	617.000000
3500.000000	617.000000
3500.000000	613.000000
3500.000000	600.000000
3500.000000	597.000000
3500.000000	597.000000
3500.000000	583.000000
3500.000000	602.000000
3500.000000	595.000000
3500.000000	598.000000
3500.000000	569.000000
3500.000000	578.000000
3500.000000	588.000000
3500.000000	573.000000
3500.000000	572.000000
3500.000000	583.000000
3500.000000	589.000000
3500.000000	569.000000
3500.000000	564.000000
3500.000000	573.000000
3500.000000	579.000000
3500.000000	573.000000
3500.000000	583.000000
3500.000000	565.000000
3500.000000	577.000000
3500.000000	569.000000
3500.000000	574.000000
3500.000000	574.000000
3500.000000	567.000000
3500.000000	566.000000
3500.000000	567.000000
3500.000000	578.000000
3500.000000	586.000000
3500.000000	583.000000
3500.000000	583.000000
3500.000000	589.000000
3500.000000	572.000000
3500.000000	578.000000
3500.000000	588.000000
3500.000000	582.000000
3500.000000	581.000000
3500.000000	593.000000
3500.000000	601.000000
3500.000000	584.000000
3500.000000	571.000000
3500.000000	587.000000
3500.000000	591.000000
3500.000000	581.000000
3500.000000	601.000000
3500.000000	589.000000
3500.000000	596.000000
3500.000000	590.000000
3500.000000	591.000000
3500.000000	602.000000
3500.000000	605.000000
3500.000000	606.000000
3500.000000	604.000000
3500.000000	598.000000
3500.000000	593.000000
3500.000000	604.000000
3500.000000	606.000000
3500.000000	601.000000
3500.000000	615.000000
3500.000000	628.000000
3500.000000	629.000000
3500.000000	608.000000
3500.000000	611.000000
3500.000000	625.000000
3500.000000	628.000000
3500.000000	628.000000
3500.000000	629.000000
3500.000000	644.000000
3500.000000	635.000000
3500.000000	638.000000
3500.000000	635.000000
3500.000000	649.000000
3500.000000	647.000000
3500.000000	634.000000
3500.000000	639.000000
3500.000000	646.000000
3500.000000	649.000000
3500.000000	650.000000
3500.000000	638.000000
3500.000000	648.000000
3500.000000	642.000000
3500.000000	624.000000
3500.000000	640.000000
3500.000000	645.000000
3500.000000	643.000000
3500.000000	622.000000
3500.000000	637.000000
3500.000000	637.000000
3500.000000	624.000000
3500.000000	613.000000
3500.000000	622.000000
3500.000000	630.000000
3500.000000	606.000000
3500.000000	604.000000
3500.000000	610.000000
3500.000000	614.000000
3500.000000	614.000000
3500.000000	607.000000
3500.000000	611.000000
3500.000000	604.000000
3500.000000	592.000000
3500.000000	586.000000
3500.000000	590.000000
3500.000000	600.000000
3500.000000	579.000000
3500.000000	585.000000
3500.000000	576.000000
3500.000000	580.000000
3500.000000	578.000000
3500.000000	587.000000
3500.000000	578.000000
3500.000000	578.000000
3500.000000	568.000000
3500.000000	580.000000
3500.000000	564.000000
3500.000000	563.000000
3500.000000	576.000000
3500.000000	565.000000
3500.000000	575.000000
3500.000000	570.000000
3500.000000	573.000000
3500.000000	572.000000
3500.000000	576.000000
3500.000000	559.000000
3500.000000	580.000000
3500.000000	585.000000
3500.000000	573.000000
3500.000000	577.000000
3500.000000	580.000000
3500.000000	592.000000
3500.000000	578.000000
3500.000000	579.000000
3500.000000	584.000000
3500.000000	584.000000
3500.000000	584.000000
3500.000000	589.000000
3500.000000	581.000000
3500.000000	584.000000
3500.000000	585.000000
3500.000000	583.000000
3500.000000	581.000000
3500.000000	578.000000
3500.000000	590.000000
3500.000000	587.000000
3500.000000	591.000000
3500.000000	586.000000
3500.000000	588.000000
3500.000000	588.000000
3500.000000	600.000000
3500.000000	598.000000
3500.000000	606.000000
3500.000000	608.000000
3500.000000	619.000000
3500.000000	595.000000
3500.000000	602.000000
3500.000000	603.000000
3500.000000	609.000000
3500.000000	610.000000
3500.000000	628.000000
3500.000000	619.000000
3500.000000	626.000000
3500.000000	600.000000
3500.000000	624.000000
3500.000000	627.000000
3500.000000	630.000000
3500.000000	632.000000
3500.000000	639.000000
3500.000000	637.000000
3500.000000	628.000000
3500.000000	629.000000
3500.000000	633.000000
3500.000000	640.000000
3500.000000	633.000000
3500.000000	634.000000
3500.000000	655.000000
3500.000000	642.000000
3500.000000	642.000000
3500.000000	642.000000
3500.000000	643.000000
3500.000000	636.000000
3500.000000	646.000000
3500.000000	641.000000
3500.000000	641.000000
3500.000000	633.000000
3500.000000	636.000000
3500.000000	629.000000
3500.000000	620.000000
3500.000000	623.000000
3500.000000	625.000000
3500.000000	625.000000
3500.000000	624.000000
3500.000000	625.000000
3500.000000	619.000000
3500.000000	612.000000
3500.000000	610.000000
3500.000000	609.000000
3500.000000	617.000000
3500.000000	606.000000
3500.000000	604.000000
3500.000000	602.000000
3500.000000	603.000000
3500.000000	593.000000
3500.000000	596.000000
3500.000000	605.000000
3500.000000	590.000000
3500.000000	580.000000
3500.000000	578.000000
3500.000000	587.000000
3500.000000	580.000000
3500.000000	583.000000
3500.000000	580.000000
3500.000000	583.000000
3500.000000	574.000000
3500.000000	574.000000
3500.000000	568.000000
3500.000000	573.000000
3500.000000	582.000000
3500.000000	573.000000
3500.000000	564.000000
3500.000000	573.000000
3500.000000	578.000000
3500.000000	562.000000
3500.000000	580.000000
3500.000000	573.000000
3500.000000	581.000000
3500.000000	581.000000
3500.000000	587.000000
3500.000000	579.000000
3500.000000	576.000000
3500.000000	583.000000
3500.000000	582.000000
3500.000000	583.000000
3500.000000	570.000000
3500.000000	579.000000
3500.000000	581.000000
3500.000000	579.000000
3500.000000	581.000000
3500.000000	590.000000
3500.000000	593.000000
3500.000000	586.000000
3500.000000	575.000000
3500.000000	587.000000
3500.000000	587.000000
3500.000000	586.000000
3500.000000	575.000000
3500.000000	600.000000
3500.000000	598.000000
3500.000000	585.000000
3500.000000	603.000000
3500.000000	615.000000
3500.000000	609.000000
3500.000000	600.000000
3500.000000	603.000000
3500.000000	604.000000
3500.000000	595.000000
3500.000000	601.000000
3500.000000	610.000000
3500.000000	608.000000
3500.000000	613.000000
3500.000000	608.000000
3500.000000	621.000000
3500.000000	621.000000
3500.000000	621.000000
3500.000000	623.000000
3500.000000	637.000000
3500.000000	630.000000
3500.000000	637.000000
3500.000000	613.000000
3500.000000	632.000000
3500.000000	629.000000
3500.000000	637.000000
3500.000000	639.000000
3500.000000	643.000000
3500.000000	648.000000
3500.000000	642.000000
3500.000000	646.000000
3500.000000	647.000000
3500.000000	642.000000
3500.000000	642.000000
3500.000000	637.000000
3500.000000	636.000000
3500.000000	641.000000
3500.000000	642.000000
3500.000000	633.000000
3500.000000	630.000000
3500.000000	624.000000
3500.000000	636.000000
3500.000000	627.000000
3500.000000	624.000000
3500.000000	620.000000
3500.000000	635.000000
3500.000000	622.000000
3500.000000	606.000000
3500.000000	609.000000
3500.000000	624.000000
3500.000000	611.000000
3500.000000	616.000000
3500.000000	618.000000
3500.000000	604.000000
3500.000000	591.000000
3500.000000	590.000000
3500.000000	593.000000
3500.000000	595.000000
3500.000000	587.000000
3500.000000	594.000000
3500.000000	574.000000
3500.000000	583.000000
3500.000000	577.000000
3500.000000	564.000000
3500.000000	567.000000
3500.000000	575.000000
3500.000000	578.000000
3500.000000	581.000000
3500.000000	579.000000
3500.000000	573.000000
3500.000000	578.000000
3500.000000	573.000000
3500.000000	580.000000
3500.000000	563.000000
3500.000000	567.000000
3500.000000	569.000000
3500.000000	572.000000
3500.000000	577.000000
3500.000000	572.000000
3500.000000	579.000000
3500.000000	581.000000
3500.000000	580.000000
3500.000000	578.000000
3500.000000	584.000000
3500.000000	583.000000
3500.000000	583.000000
3500.000000	578.000000
3500.000000	581.000000
3500.000000	585.000000
3500.000000	575.000000
3500.000000	577.000000
3500.000000	588.000000
3500.000000	603.000000
3500.000000	595.000000
3500.000000	578.000000
3500.000000	581.000000
3500.000000	584.000000
3500.000000	589.000000
3500.000000	603.000000
3500.000000	588.000000
3500.000000	597.000000
3500.000000	594.000000
3500.000000	601.000000
3500.000000	601.000000
3500.000000	609.000000
3500.000000	614.000000
3500.000000	607.000000
3500.000000	599.000000
3500.000000	604.000000
3500.000000	611.000000
3500.000000	611.000000
3500.000000	596.000000
3500.000000	616.000000
3500.000000	622.000000
3500.000000	617.000000
3500.000000	607.000000
3500.000000	617.000000
3500.000000	630.000000
3500.000000	641.000000
3500.000000	629.000000
3500.000000	636.000000
3500.000000	636.000000
3500.000000	635.000000
3500.000000	623.000000
3500.000000	641.000000
3500.000000	641.000000
3500.000000	652.000000
3500.000000	635.000000
3500.000000	651.000000
3500.000000	654.000000
3500.000000	636.000000
3500.000000	640.000000
3500.000000	645.000000
3500.000000	647.000000
3500.000000	641.000000
3500.000000	638.000000
3500.000000	642.000000
3500.000000	647.000000
3500.000000	638.000000
3500.000000	630.000000
3500.000000	629.000000
3500.000000	628.000000
3500.000000	621.000000
3500.000000	619.000000
3500.000000	627.000000
3500.000000	618.000000
3500.000000	606.000000
3500.000000	613.000000
3500.000000	606.000000
3500.000000	612.000000
3500.000000	616.000000
3500.000000	614.000000
3500.000000	620.000000
3500.000000	596.000000
3500.000000	601.000000
3500.000000	588.000000
3500.000000	592.000000
3500.000000	610.000000
3500.000000	591.000000
3500.000000	586.000000
3500.000000	576.000000
3500.000000	571.000000
3500.000000	580.000000
3500.000000	580.000000
3500.000000	576.000000
3500.000000	577.000000
3500.000000	583.000000
3500.000000	579.000000
3500.000000	562.000000
3500.000000	566.000000
3500.000000	584.000000
3500.000000	579.000000
3500.000000	573.000000
3500.000000	580.000000
3500.000000	580.000000
3500.000000	571.000000
3500.000000	574.000000
3500.000000	570.000000
3500.000000	588.000000
3500.000000	573.000000
3500.000000	579.000000
3500.000000	582.000000
3500.000000	580.000000
3500.000000	588.000000
3500.000000	584.000000
3500.000000	587.000000
3500.000000	576.000000
3500.000000	571.000000
3500.000000	576.000000
3500.000000	590.000000
3500.000000	584.000000
3500.000000	585.000000
3500.000000	594.000000
3500.000000	582.000000
3500.000000	575.000000
3500.000000	575.000000
3500.000000	585.000000
3500.000000	589.000000
3500.000000	587.000000
3500.000000	592.000000
3500.000000	600.000000
3500.000000	588.000000
3500.000000	593.000000
3500.000000	608.000000
3500.000000	609.000000
3500.000000	611.000000
3500.000000	600.000000
3500.000000	611.000000
3500.000000	603.000000
3500.000000	615.000000
3500.000000	610.000000
3500.000000	612.000000
3500.000000	624.000000
3500.000000	620.000000
3500.000000	629.000000
3500.000000	617.000000
3500.000000	623.000000
3500.000000	632.000000
3500.000000	625.000000
3500.000000	630.000000
3500.000000	636.000000
3500.000000	633.000000
3500.000000	648.000000
3500.000000	635.000000
3500.000000	642.000000
3500.000000	649.000000
3500.000000	643.000000
3500.000000	641.000000
3500.000000	636.000000
3500.000000	636.000000
3500.000000	646.000000
3500.000000	645.000000
3500.000000	628.000000
3500.000000	637.000000
3500.000000	649.000000
3500.000000	628.000000
3500.000000	633.000000
3500.000000	642.000000
3500.000000	632.000000
3500.000000	618.000000
3500.000000	629.000000
3500.000000	627.000000
3500.000000	636.000000
3500.000000	621.000000
3500.000000	620.000000
3500.000000	619.000000
3500.000000	612.000000
3500.000000	600.000000
3500.000000	614.000000
3500.000000	620.000000
3500.000000	621.000000
3500.000000	608.000000
3500.000000	607.000000
3500.000000	608.000000
3500.000000	599.000000
3500.000000	576.000000
3500.000000	598.000000
3500.000000	607.000000
3500.000000	591.000000
3500.000000	579.000000
3500.000000	579.000000
3500.000000	582.000000
3500.000000	570.000000
3500.000000	586.000000
3500.000000	582.000000
3500.000000	591.000000
3500.000000	577.000000
3500.000000	577.000000
3500.000000	563.000000
3500.000000	573.000000
3500.000000	578.000000
3500.000000	575.000000
3500.000000	575.000000
3500.000000	567.000000
3500.000000	580.000000
3500.000000	573.000000
3500.000000	573.000000
3500.000000	572.000000
3500.000000	573.000000
3500.000000	570.000000
3500.000000	576.000000
3500.000000	567.000000
3500.000000	577.000000
3500.000000	585.000000
3500.000000	584.000000
3500.000000	578.000000
3500.000000	579.000000
3500.000000	582.000000
3500.000000	579.000000
3500.000000	587.000000
3500.000000	586.000000
3500.000000	592.000000
3500.000000	588.000000
3500.000000	574.000000
3500.000000	580.000000
3500.000000	584.000000
3500.000000	589.000000
3500.000000	597.000000
3500.000000	587.000000
3500.000000	603.000000
3500.000000	591.000000
3500.000000	591.000000
3500.000000	603.000000
3500.000000	596.000000
3500.000000	610.000000
3500.000000	606.000000
3500.000000	607.000000
3500.000000	597.000000
3500.000000	602.000000
3500.000000	603.000000
3500.000000	610.000000
3500.000000	611.000000
3500.000000	612.000000
3500.000000	622.000000
3500.000000	620.000000
3500.000000	618.000000
3500.000000	625.000000
3500.000000	628.000000
3500.000000	629.000000
3500.000000	622.000000
3500.000000	638.000000
3500.000000	633.000000
3500.000000	627.000000
3500.000000	642.000000
3500.000000	649.000000
3500.000000	641.000000
3500.000000	642.000000
3500.000000	641.000000
3500.000000	648.000000
3500.000000	630.000000
3500.000000	637.000000
3500.000000	643.000000
3500.000000	649.000000
3500.000000	645.000000
3500.000000	634.000000
3500.000000	640.000000
3500.000000	645.000000
3500.000000	625.000000
3500.000000	636.000000
3500.000000	631.000000
3500.000000	635.000000
3500.000000	621.000000
3500.000000	624.000000
3500.000000	633.000000
3500.000000	629.000000
3500.000000	614.000000
3500.000000	619.000000
3500.000000	610.000000
3500.000000	615.000000
3500.000000	609.000000
3500.000000	622.000000
3500.000000	622.000000
3500.000000	598.000000
3500.000000	586.000000
3500.000000	602.000000
3500.000000	595.000000
3500.000000	599.000000
3500.000000	594.000000
3500.000000	591.000000
3500.000000	573.000000
3500.000000	577.000000
3500.000000	580.000000
3500.000000	569.000000
3500.000000	573.000000
3500.000000	580.000000
3500.000000	584.000000
3500.000000	567.000000
3500.000000	568.000000
3500.000000	565.000000
3500.000000	576.000000
3500.000000	579.000000
3500.000000	571.000000
3500.000000	568.000000
3500.000000	583.000000
3500.000000	584.000000
3500.000000	568.000000
3500.000000	566.000000
3500.000000	582.000000
3500.000000	580.000000
3500.000000	568.000000
3500.000000	586.000000
3500.000000	580.000000
3500.000000	584.000000
3500.000000	575.000000
3500.000000	589.000000
3500.000000	574.000000
3500.000000	582.000000
3500.000000	588.000000
3500.000000	582.000000
3500.000000	581.000000
3500.000000	581.000000
3500.000000	596.000000
3500.000000	593.000000
3500.000000	575.000000
3500.000000	579.000000
3500.000000	575.000000
3500.000000	579.000000
3500.000000	593.000000
3500.000000	588.000000
3500.000000	587.000000
3500.000000	593.000000
3500.000000	586.000000
3500.000000	583.000000
3500.000000	614.000000
3500.000000	604.000000
3500.000000	598.000000
3500.000000	608.000000
3500.000000	602.000000
3500.000000	609.000000
3500.000000	600.000000
3500.000000	612.000000
3500.000000	619.000000
3500.000000	617.000000
3500.000000	621.000000
3500.000000	617.000000
3500.000000	628.000000
3500.000000	628.000000
3500.000000	623.000000
3500.000000	626.000000
3500.000000	632.000000
3500.000000	642.000000
3500.000000	636.000000
3500.000000	634.000000
3500.000000	649.000000
3500.000000	641.000000
3500.000000	647.000000
3500.000000	636.000000
3500.000000	647.000000
3500.000000	648.000000
3500.000000	644.000000
3500.000000	636.000000
3500.000000	651.000000
3500.000000	646.000000
3500.000000	631.000000
3500.000000	638.000000
3500.000000	639.000000
3500.000000	649.000000
3500.000000	642.000000
3500.000000	631.000000
3500.000000	628.000000
3500.000000	639.000000
3500.000000	626.000000
3500.000000	619.000000
3500.000000	621.000000
3500.000000	622.000000
3500.000000	609.000000
3500.000000	610.000000
3500.000000	612.000000
3500.000000	614.000000
3500.000000	619.000000
3500.000000	611.000000
3500.000000	606.000000
3500.000000	608.000000
3500.000000	592.000000
3500.000000	585.000000
3500.000000	589.000000
3500.000000	599.000000
3500.000000	589.000000
3500.000000	591.000000
3500.000000	581.000000
3500.000000	582.000000
3500.000000	581.000000
3500.000000	581.000000
3500.000000	576.000000
3500.000000	579.000000
3500.000000	580.000000
3500.000000	569.000000
3500.000000	577.000000
3500.000000	572.000000
3500.000000	572.000000
3500.000000	580.000000
3500.000000	590.000000
3500.000000	581.000000
3500.000000	566.000000
3500.000000	574.000000
3500.000000	583.000000
3500.000000	570.000000
3500.000000	575.000000
3500.000000	580.000000
3500.000000	570.000000
3500.000000	578.000000
3500.000000	583.000000
3500.000000	580.000000
3500.000000	578.000000
3500.000000	574.000000
3500.000000	581.000000
3500.000000	585.000000
3500.000000	581.000000
3500.000000	573.000000
3500.000000	580.000000
3500.000000	582.000000
3500.000000	591.000000
3500.000000	580.000000
3500.000000	577.000000
3500.000000	585.000000
3500.000000	571.000000
3500.000000	593.000000
3500.000000	596.000000
3500.000000	596.000000
3500.000000	590.000000
3500.000000	582.000000
3500.000000	599.000000
3500.000000	599.000000
3500.000000	603.000000
3500.000000	615.000000
3500.000000	609.000000
3500.000000	600.000000
3500.000000	595.000000
3500.000000	604.000000
3500.000000	607.000000
3500.000000	599.000000
3500.000000	615.000000
3500.000000	621.000000
3500.000000	618.000000
3500.000000	604.000000
3500.000000	617.000000
3500.000000	628.000000
3500.000000	629.000000
3500.000000	625.000000
3500.000000	637.000000
3500.000000	644.000000
3500.000000	634.000000
3500.000000	628.000000
3500.000000	633.000000
3500.000000	652.000000
3500.000000	643.000000
3500.000000	621.000000
3500.000000	645.000000
3500.000000	648.000000
3500.000000	636.000000
3500.000000	634.000000
3500.000000	635.000000
3500.000000	643.000000
3500.000000	632.000000
3500.000000	626.000000
3500.000000	637.000000
3500.000000	640.000000
3500.000000	625.000000
3500.000000	628.000000
3500.000000	628.000000
3500.000000	631.000000
3500.000000	623.000000
3500.000000	624.000000
3500.000000	624.000000
3500.000000	617.000000
3500.000000	620.000000
3500.000000	614.000000
3500.000000	607.000000
3500.000000	616.000000
3500.000000	606.000000
3500.000000	615.000000
3500.000000	613.000000
3500.000000	603.000000
3500.000000	597.000000
3500.000000	592.000000
3500.000000	593.000000
3500.000000	595.000000
3500.000000	593.000000
3500.000000	583.000000
3500.000000	571.000000
3500.000000	584.000000
3500.000000	579.000000
3500.000000	577.000000
3500.000000	581.000000
3500.000000	567.000000
3500.000000	582.000000
3500.000000	572.000000
3500.000000	557.000000
3500.000000	578.000000
3500.000000	577.000000
3500.000000	568.000000
3500.000000	571.000000
3500.000000	583.000000
3500.000000	570.000000
3500.000000	570.000000
3500.000000	569.000000
3500.000000	569.000000
3500.000000	582.000000
3500.000000	580.000000
3500.000000	569.000000
3500.000000	584.000000
3500.000000	577.000000
3500.000000	586.000000
3500.000000	584.000000
3500.000000	587.000000
3500.000000	583.000000
3500.000000	582.000000
3500.000000	578.000000
3500.000000	587.000000
3500.000000	581.000000
3500.000000	583.000000
3500.000000	601.000000
3500.000000	590.000000
3500.000000	578.000000
3500.000000	590.000000
3500.000000	589.000000
3500.000000	591.000000
3500.000000	587.000000
3500.000000	589.000000
3500.000000	596.000000
3500.000000	583.000000
3500.000000	592.000000
3500.000000	599.000000
3500.000000	612.000000
3500.000000	606.000000
3500.000000	603.000000
3500.000000	604.000000
3500.000000	605.000000
3500.000000	606.000000
3500.000000	600.000000
3500.000000	612.000000
3500.000000	625.000000
3500.000000	627.000000
3500.000000	616.000000
3500.000000	612.000000
3500.000000	625.000000
3500.000000	620.000000
3500.000000	632.000000
3500.000000	630.000000
3500.000000	629.000000
3500.000000	633.000000
3500.000000	630.000000
3500.000000	645.000000
3500.000000	628.000000
3500.000000	641.000000
3500.000000	644.000000
3500.000000	637.000000
3500.000000	648.000000
3500.000000	632.000000
3500.000000	647.000000
3500.000000	647.000000
3500.000000	636.000000
3500.000000	633.000000
