4.000000	0.000000
2.000000	0.000000
41.000000	0.153809
47.000000	0.461426
53.000000	0.791016
80.000000	1.274414
112.000000	1.955566
134.000000	2.790527
137.000000	3.647461
151.000000	4.526367
183.000000	5.581055
189.000000	6.723633
184.000000	7.866211
203.000000	9.052734
229.000000	10.371094
255.000000	11.865234
260.000000	13.425293
282.000000	15.073242
306.000000	16.853027
306.000000	18.698730
304.000000	20.522461
317.000000	22.368164
322.000000	24.279785
331.000000	26.279297
345.000000	28.344727
364.000000	30.476074
373.000000	32.673340
370.000000	34.914551
383.000000	37.155762
384.000000	39.440918
400.000000	41.791992
407.000000	44.230957
424.000000	46.735840
417.000000	49.218750
423.000000	51.723633
416.000000	54.228516
437.000000	56.821289
440.000000	59.436035
451.000000	62.116699
460.000000	64.819336
463.000000	67.565918
459.000000	70.268555
454.000000	73.037109
478.000000	75.871582
467.000000	78.706055
476.000000	81.540527
478.000000	84.396973
492.000000	87.297363
503.000000	90.285645
496.000000	93.229980
496.000000	96.196289
502.000000	99.228516
495.000000	102.216797
518.000000	105.292969
514.000000	108.391113
518.000000	111.489258
521.000000	114.631348
524.000000	117.729492
527.000000	120.893555
531.000000	124.101563
530.000000	127.309570
519.000000	130.473633
553.000000	133.725586
555.000000	136.999512
552.000000	140.295410
536.000000	143.503418
548.000000	146.733398
546.000000	150.007324
555.000000	153.325195
556.000000	156.687012
558.000000	160.004883
565.000000	163.388672
565.000000	166.772461
567.000000	170.134277
577.000000	173.583984
578.000000	177.011719
584.000000	180.527344
580.000000	184.042969
594.000000	187.536621
576.000000	190.986328
579.000000	194.458008
591.000000	197.995605
598.000000	201.511230
582.000000	205.026855
597.000000	208.630371
613.000000	212.255859
609.000000	215.859375
589.000000	219.440918
606.000000	223.066406
609.000000	226.713867
617.000000	230.383301
612.000000	234.096680
620.000000	237.788086
642.000000	241.545410
614.000000	245.258789
618.000000	248.972168
631.000000	252.729492
639.000000	256.530762
630.000000	260.288086
630.000000	-95.888672
636.000000	-92.065430
645.000000	-88.242188
629.000000	-84.462891
627.000000	-80.661621
641.000000	-76.860352
638.000000	-73.059082
618.000000	-69.279785
627.000000	-65.478516
637.000000	-61.721191
632.000000	-57.919922
623.000000	-54.118652
621.000000	-50.405273
627.000000	-46.669922
629.000000	-42.912598
618.000000	-39.221191
623.000000	-35.485840
626.000000	-31.750488
616.000000	-28.037109
614.000000	-24.367676
605.000000	-20.720215
610.000000	-17.072754
609.000000	-13.425293
612.000000	-9.777832
613.000000	-6.108398
617.000000	-2.460938
593.000000	1.142578
588.000000	4.702148
594.000000	8.283691
596.000000	11.777344
601.000000	15.314941
590.000000	18.852539
590.000000	22.390137
572.000000	25.839844
576.000000	29.267578
580.000000	32.739258
570.000000	36.166992
568.000000	39.594727
578.000000	43.066406
583.000000	46.538086
570.000000	49.965820
563.000000	53.371582
567.000000	56.777344
586.000000	60.227051
572.000000	63.676758
574.000000	67.104492
571.000000	70.488281
578.000000	73.937988
563.000000	77.343750
565.000000	80.727539
572.000000	84.133301
574.000000	87.561035
579.000000	91.032715
577.000000	94.460449
583.000000	97.910156
581.000000	101.337891
585.000000	104.787598
578.000000	108.281250
579.000000	111.730957
567.000000	115.180664
582.000000	118.652344
587.000000	122.145996
585.000000	125.595703
579.000000	129.089355
582.000000	132.561035
592.000000	136.076660
592.000000	139.614258
571.000000	143.063965
583.000000	146.513672
590.000000	149.985352
587.000000	153.479004
593.000000	157.016602
583.000000	160.532227
591.000000	164.091797
591.000000	167.629395
587.000000	171.145020
599.000000	174.726563
603.000000	178.330078
614.000000	181.999512
602.000000	185.603027
598.000000	189.228516
601.000000	192.788086
605.000000	196.391602
588.000000	199.995117
605.000000	203.620605
614.000000	207.290039
616.000000	211.003418
612.000000	214.672852
616.000000	218.408203
620.000000	222.055664
621.000000	225.791016
620.000000	229.504395
633.000000	233.283691
625.000000	237.062988
650.000000	240.886230
634.000000	244.665527
631.000000	248.444824
635.000000	252.246094
647.000000	256.113281
643.000000	259.936523
635.000000	263.781738
637.000000	-92.373047
651.000000	-88.505859
640.000000	-84.704590
633.000000	-80.859375
638.000000	-77.014160
638.000000	-73.168945
641.000000	-69.345703
636.000000	-65.544434
643.000000	-61.721191
649.000000	-57.875977
639.000000	-54.074707
629.000000	-50.273438
631.000000	-46.538086
637.000000	-42.780762
614.000000	-39.067383
627.000000	-35.288086
630.000000	-31.552734
620.000000	-27.839355
613.000000	-24.147949
612.000000	-20.456543
613.000000	-16.831055
613.000000	-13.139648
609.000000	-9.470215
602.000000	-5.800781
612.000000	-2.131348
603.000000	1.494141
601.000000	5.075684
594.000000	8.635254
592.000000	12.128906
604.000000	15.688477
586.000000	19.226074
579.000000	22.741699
579.000000	26.213379
583.000000	29.685059
580.000000	33.134766
576.000000	36.584473
572.000000	40.056152
582.000000	43.505859
585.000000	46.999512
570.000000	50.427246
567.000000	53.833008
571.000000	57.260742
583.000000	60.688477
578.000000	64.138184
583.000000	67.587891
571.000000	70.971680
562.000000	74.399414
573.000000	77.827148
568.000000	81.254883
565.000000	84.660645
584.000000	88.110352
580.000000	91.560059
571.000000	94.965820
573.000000	98.437500
582.000000	101.865234
586.000000	105.336914
578.000000	108.808594
574.000000	112.280273
581.000000	115.751953
581.000000	119.201660
593.000000	122.695313
585.000000	126.166992
575.000000	129.638672
585.000000	133.154297
596.000000	136.691895
589.000000	140.207520
576.000000	143.657227
587.000000	147.128906
585.000000	150.600586
586.000000	154.094238
599.000000	157.653809
589.000000	161.169434
592.000000	164.707031
594.000000	168.244629
592.000000	171.782227
601.000000	175.363770
606.000000	178.989258
619.000000	182.658691
615.000000	186.262207
592.000000	189.865723
595.000000	193.447266
615.000000	197.050781
604.000000	200.676270
600.000000	204.301758
616.000000	207.993164
626.000000	211.706543
627.000000	215.397949
605.000000	219.067383
618.000000	222.736816
623.000000	226.494141
621.000000	230.229492
621.000000	234.008789
642.000000	237.788086
646.000000	241.633301
629.000000	245.434570
636.000000	249.169922
637.000000	252.993164
639.000000	256.882324
643.000000	260.705566
633.000000	-95.449219
648.000000	-91.582031
640.000000	-87.714844
643.000000	-83.891602
642.000000	-80.046387
649.000000	-76.201172
643.000000	-72.355957
628.000000	-68.554688
628.000000	-64.753418
634.000000	-60.930176
633.000000	-57.084961
640.000000	-53.283691
620.000000	-49.526367
639.000000	-45.769043
624.000000	-41.989746
631.000000	-38.232422
630.000000	-34.497070
618.000000	-30.761719
628.000000	-27.026367
617.000000	-23.334961
617.000000	-19.665527
609.000000	-16.040039
617.000000	-12.370605
616.000000	-8.701172
609.000000	-5.009766
613.000000	-1.340332
608.000000	2.285156
601.000000	5.866699
593.000000	9.404297
596.000000	12.919922
598.000000	16.501465
589.000000	20.017090
576.000000	23.532715
569.000000	27.004395
583.000000	30.476074
587.000000	33.991699
576.000000	37.397461
578.000000	40.847168
579.000000	44.318848
581.000000	47.790527
570.000000	51.218262
565.000000	54.624023
575.000000	58.029785
569.000000	61.479492
581.000000	64.929199
571.000000	68.378906
575.000000	71.784668
570.000000	75.212402
567.000000	78.640137
565.000000	82.045898
567.000000	85.451660
579.000000	88.901367
568.000000	92.329102
579.000000	95.756836
580.000000	99.228516
572.000000	102.656250
587.000000	106.127930
588.000000	109.621582
579.000000	113.093262
571.000000	116.542969
585.000000	120.014648
589.000000	123.508301
589.000000	126.979980
581.000000	130.451660
590.000000	133.945313
600.000000	137.482910
580.000000	140.998535
584.000000	144.426270
586.000000	147.897949
583.000000	151.391602
576.000000	154.907227
594.000000	158.444824
591.000000	161.960449
601.000000	165.520020
590.000000	169.057617
601.000000	172.595215
601.000000	176.176758
606.000000	179.824219
615.000000	183.471680
604.000000	187.075195
601.000000	190.656738
594.000000	194.260254
595.000000	197.863770
619.000000	201.511230
606.000000	205.136719
617.000000	208.828125
619.000000	212.541504
626.000000	216.232910
618.000000	219.902344
621.000000	223.593750
625.000000	227.307129
635.000000	231.064453
627.000000	234.843750
636.000000	238.645020
636.000000	242.468262
635.000000	246.225586
635.000000	250.048828
637.000000	253.850098
645.000000	257.717285
643.000000	261.562500
624.000000	-94.614258
646.000000	-90.769043
641.000000	-86.901855
646.000000	-83.056641
636.000000	-79.233398
647.000000	-75.410156
645.000000	-71.564941
642.000000	-67.741699
628.000000	-63.962402
638.000000	-60.117188
635.000000	-56.293945
635.000000	-52.492676
629.000000	-48.757324
640.000000	-44.978027
638.000000	-41.220703
632.000000	-37.485352
614.000000	-33.728027
634.000000	-29.992676
619.000000	-26.279297
607.000000	-22.587891
611.000000	-18.940430
606.000000	-15.292969
627.000000	-11.623535
616.000000	-7.932129
616.000000	-4.262695
616.000000	-0.593262
599.000000	3.010254
601.000000	6.569824
585.000000	10.085449
600.000000	13.645020
599.000000	17.204590
593.000000	20.742188
588.000000	24.235840
579.000000	27.685547
577.000000	31.135254
580.000000	34.606934
582.000000	38.100586
580.000000	41.528320
578.000000	44.978027
579.000000	48.449707
579.000000	51.877441
560.000000	55.261230
572.000000	58.688965
574.000000	62.138672
567.000000	65.588379
571.000000	69.016113
575.000000	72.443848
583.000000	75.871582
574.000000	79.277344
573.000000	82.705078
582.000000	86.088867
578.000000	89.582520
579.000000	93.032227
584.000000	96.459961
576.000000	99.909668
582.000000	103.359375
586.000000	106.831055
577.000000	110.302734
582.000000	113.774414
575.000000	117.224121
583.000000	120.717773
582.000000	124.189453
582.000000	127.683105
589.000000	131.176758
589.000000	134.648438
589.000000	138.208008
586.000000	141.701660
575.000000	145.151367
572.000000	148.623047
594.000000	152.116699
589.000000	155.654297
579.000000	159.169922
599.000000	162.707520
599.000000	166.245117
586.000000	169.782715
593.000000	173.364258
609.000000	176.967773
614.000000	180.615234
608.000000	184.284668
616.000000	187.910156
604.000000	191.469727
608.000000	195.073242
601.000000	198.676758
605.000000	202.346191
619.000000	205.993652
616.000000	209.707031
622.000000	213.420410
619.000000	217.133789
609.000000	220.781250
626.000000	224.494629
623.000000	228.229980
634.000000	231.987305
644.000000	235.788574
634.000000	239.589844
618.000000	243.391113
626.000000	247.192383
636.000000	250.971680
654.000000	254.816895
649.000000	258.706055
653.000000	262.551270
648.000000	-93.625488
636.000000	-89.758301
635.000000	-85.913086
648.000000	-82.045898
645.000000	-78.222656
646.000000	-74.377441
636.000000	-70.532227
645.000000	-66.708984
631.000000	-62.907715
640.000000	-59.062500
636.000000	-55.261230
638.000000	-51.416016
616.000000	-47.702637
636.000000	-43.923340
620.000000	-40.166016
633.000000	-36.386719
622.000000	-32.651367
629.000000	-28.916016
622.000000	-25.180664
613.000000	-21.533203
606.000000	-17.885742
613.000000	-14.238281
615.000000	-10.524902
622.000000	-6.811523
618.000000	-3.164063
602.000000	0.505371
603.000000	4.086914
591.000000	7.646484
592.000000	11.162109
599.000000	14.699707
599.000000	18.281250
585.000000	21.796875
580.000000	25.290527
583.000000	28.740234
573.000000	32.211914
570.000000	35.683594
576.000000	39.155273
578.000000	42.604980
592.000000	46.076660
571.000000	49.526367
576.000000	52.976074
571.000000	56.337891
565.000000	59.787598
579.000000	63.259277
575.000000	66.687012
571.000000	70.114746
572.000000	73.564453
581.000000	76.992188
570.000000	80.375977
575.000000	83.803711
572.000000	87.209473
587.000000	90.703125
578.000000	94.130859
575.000000	97.580566
580.000000	101.030273
578.000000	104.479980
581.000000	107.951660
586.000000	111.445313
575.000000	114.895020
587.000000	118.366699
580.000000	121.860352
582.000000	125.310059
585.000000	128.803711
588.000000	132.297363
599.000000	135.812988
584.000000	139.350586
574.000000	142.800293
577.000000	146.250000
582.000000	149.721680
581.000000	153.237305
599.000000	156.796875
588.000000	160.312500
588.000000	163.850098
597.000000	167.409668
597.000000	170.947266
598.000000	174.506836
605.000000	178.132324
611.000000	181.779785
601.000000	185.405273
597.000000	189.008789
602.000000	192.590332
608.000000	196.215820
609.000000	199.841309
616.000000	203.488770
617.000000	207.158203
622.000000	210.871582
619.000000	214.562988
599.000000	218.254395
618.000000	221.923828
635.000000	225.659180
633.000000	229.416504
625.000000	233.173828
629.000000	236.953125
637.000000	240.754395
624.000000	244.555664
620.000000	248.334961
647.000000	252.158203
654.000000	256.003418
649.000000	259.870605
637.000000	263.715820
654.000000	-92.438965
650.000000	-88.571777
641.000000	-84.726563
646.000000	-80.903320
657.000000	-77.058105
649.000000	-73.234863
635.000000	-69.411621
636.000000	-65.566406
639.000000	-61.765137
639.000000	-57.919922
630.000000	-54.096680
627.000000	-50.317383
631.000000	-46.582031
634.000000	-42.802734
625.000000	-39.067383
635.000000	-35.310059
630.000000	-31.574707
622.000000	-27.861328
608.000000	-24.147949
609.000000	-20.478516
612.000000	-16.853027
610.000000	-13.161621
618.000000	-9.492188
618.000000	-5.800781
617.000000	-2.153320
602.000000	1.494141
596.000000	5.053711
593.000000	8.635254
594.000000	12.150879
601.000000	15.710449
586.000000	19.248047
595.000000	22.763672
576.000000	26.213379
572.000000	29.685059
584.000000	33.156738
578.000000	36.606445
563.000000	40.056152
578.000000	43.527832
585.000000	47.021484
580.000000	50.449219
561.000000	53.854980
575.000000	57.282715
585.000000	60.710449
578.000000	64.182129
576.000000	67.631836
578.000000	71.037598
576.000000	74.465332
561.000000	77.871094
568.000000	81.298828
573.000000	84.704590
573.000000	88.132324
577.000000	91.625977
573.000000	95.031738
577.000000	98.503418
576.000000	101.953125
582.000000	105.402832
584.000000	108.896484
583.000000	112.368164
576.000000	115.817871
583.000000	119.311523
590.000000	122.805176
587.000000	126.276855
586.000000	129.748535
584.000000	133.242188
596.000000	136.779785
592.000000	140.295410
576.000000	143.745117
568.000000	147.194824
592.000000	150.710449
585.000000	154.204102
592.000000	157.763672
593.000000	161.279297
595.000000	164.816895
592.000000	168.376465
592.000000	171.914063
608.000000	175.517578
609.000000	179.143066
614.000000	182.834473
605.000000	186.437988
594.000000	190.019531
597.000000	193.601074
611.000000	197.248535
604.000000	200.874023
607.000000	204.521484
620.000000	208.212891
622.000000	211.926270
621.000000	215.617676
606.000000	219.287109
616.000000	222.956543
621.000000	226.713867
634.000000	230.471191
633.000000	234.272461
638.000000	238.051758
630.000000	241.875000
635.000000	245.676270
638.000000	249.455566
648.000000	253.256836
638.000000	257.124023
651.000000	260.991211
640.000000	-95.185547
646.000000	-91.296387
647.000000	-87.429199
647.000000	-83.583984
646.000000	-79.760742
637.000000	-75.937500
646.000000	-72.048340
639.000000	-68.225098
635.000000	-64.423828
631.000000	-60.600586
636.000000	-56.777344
649.000000	-52.954102
621.000000	-49.218750
625.000000	-45.439453
629.000000	-41.660156
629.000000	-37.924805
623.000000	-34.189453
615.000000	-30.454102
621.000000	-26.696777
612.000000	-23.027344
611.000000	-19.357910
614.000000	-15.688477
617.000000	-12.019043
622.000000	-8.327637
611.000000	-4.658203
608.000000	-0.988770
606.000000	2.614746
595.000000	6.196289
584.000000	9.733887
590.000000	13.271484
608.000000	16.853027
583.000000	20.368652
582.000000	23.884277
586.000000	27.333984
591.000000	30.827637
576.000000	34.277344
588.000000	37.749023
585.000000	41.176758
580.000000	44.648438
569.000000	48.120117
572.000000	51.569824
568.000000	54.975586
575.000000	58.403320
572.000000	61.853027
571.000000	65.302734
567.000000	68.730469
577.000000	72.158203
570.000000	75.585938
567.000000	79.013672
578.000000	82.419434
567.000000	85.847168
580.000000	89.296875
582.000000	92.746582
587.000000	96.174316
572.000000	99.624023
571.000000	103.073730
589.000000	106.545410
579.000000	110.017090
584.000000	113.488770
582.000000	116.938477
583.000000	120.454102
586.000000	123.947754
584.000000	127.441406
586.000000	130.891113
585.000000	134.406738
585.000000	137.922363
576.000000	141.437988
574.000000	144.865723
582.000000	148.337402
595.000000	151.853027
591.000000	155.346680
583.000000	158.884277
605.000000	162.443848
590.000000	166.003418
578.000000	169.541016
600.000000	173.100586
600.000000	176.704102
603.000000	180.351563
604.000000	183.977051
610.000000	187.602539
605.000000	191.184082
597.000000	194.765625
608.000000	198.391113
611.000000	202.038574
610.000000	205.686035
621.000000	209.399414
630.000000	213.112793
626.000000	216.782227
605.000000	220.451660
621.000000	224.165039
632.000000	227.900391
638.000000	231.657715
622.000000	235.458984
636.000000	239.260254
640.000000	243.083496
637.000000	246.862793
621.000000	250.642090
633.000000	254.509277
650.000000	258.354492
646.000000	262.221680
639.000000	-93.955078
645.000000	-90.065918
645.000000	-86.220703
648.000000	-82.375488
642.000000	-78.530273
645.000000	-74.685059
635.000000	-70.861816
635.000000	-67.016602
645.000000	-63.237305
647.000000	-59.392090
635.000000	-55.568848
634.000000	-51.723633
634.000000	-47.988281
624.000000	-44.230957
617.000000	-40.495605
629.000000	-36.738281
632.000000	-32.980957
623.000000	-29.245605
620.000000	-25.532227
621.000000	-21.862793
617.000000	-18.193359
614.000000	-14.545898
610.000000	-10.854492
614.000000	-7.185059
613.000000	-3.515625
609.000000	0.153809
595.000000	3.757324
598.000000	7.316895
586.000000	10.854492
594.000000	14.392090
587.000000	17.951660
592.000000	21.467285
587.000000	24.960938
580.000000	28.410645
583.000000	31.926270
582.000000	35.375977
578.000000	38.825684
579.000000	42.275391
574.000000	45.725098
578.000000	49.218750
571.000000	52.646484
568.000000	56.030273
576.000000	59.458008
577.000000	62.907715
577.000000	66.357422
560.000000	69.785156
568.000000	73.212891
589.000000	76.662598
559.000000	80.046387
560.000000	83.474121
577.000000	86.879883
585.000000	90.351563
569.000000	93.779297
573.000000	97.250977
577.000000	100.700684
578.000000	104.150391
572.000000	107.622070
584.000000	111.093750
582.000000	114.565430
582.000000	118.015137
588.000000	121.530762
581.000000	125.002441
589.000000	128.474121
589.000000	131.967773
593.000000	135.483398
595.000000	139.042969
578.000000	142.514648
580.000000	145.964355
584.000000	149.436035
574.000000	152.929688
599.000000	156.467285
578.000000	160.004883
583.000000	163.542480
598.000000	167.124023
598.000000	170.639648
596.000000	174.221191
603.000000	177.846680
604.000000	181.516113
606.000000	185.141602
594.000000	188.745117
599.000000	192.326660
606.000000	195.952148
611.000000	199.577637
613.000000	203.225098
617.000000	206.894531
628.000000	210.585938
619.000000	214.321289
611.000000	218.034668
623.000000	221.704102
624.000000	225.417480
628.000000	229.174805
637.000000	232.932129
636.000000	236.733398
637.000000	240.556641
628.000000	244.357910
622.000000	248.137207
645.000000	251.960449
654.000000	255.805664
644.000000	259.650879
639.000000	263.496094
649.000000	-92.658691
655.000000	-88.769531
638.000000	-84.946289
643.000000	-81.101074
648.000000	-77.233887
647.000000	-73.388672
643.000000	-69.543457
636.000000	-65.742188
638.000000	-61.918945
647.000000	-58.073730
633.000000	-54.250488
623.000000	-50.471191
635.000000	-46.713867
629.000000	-42.934570
626.000000	-39.221191
631.000000	-35.419922
630.000000	-31.684570
624.000000	-27.927246
612.000000	-24.235840
611.000000	-20.566406
611.000000	-16.918945
613.000000	-13.227539
608.000000	-9.536133
619.000000	-5.844727
622.000000	-2.175293
600.000000	1.450195
599.000000	5.031738
593.000000	8.613281
595.000000	12.128906
600.000000	15.688477
588.000000	19.248047
588.000000	22.741699
578.000000	26.213379
575.000000	29.685059
580.000000	33.156738
577.000000	36.606445
567.000000	40.056152
580.000000	43.505859
587.000000	46.999512
581.000000	50.471191
564.000000	53.876953
567.000000	57.282715
580.000000	60.710449
580.000000	64.182129
570.000000	67.609863
571.000000	71.037598
577.000000	74.465332
572.000000	77.893066
568.000000	81.276855
577.000000	84.726563
578.000000	88.132324
578.000000	91.604004
562.000000	95.031738
572.000000	98.503418
582.000000	101.953125
584.000000	105.446777
581.000000	108.918457
585.000000	112.390137
573.000000	115.861816
576.000000	119.311523
587.000000	122.849121
585.000000	126.320801
586.000000	129.792480
585.000000	133.286133
596.000000	136.823730
597.000000	140.361328
568.000000	143.789063
574.000000	147.238770
584.000000	150.754395
596.000000	154.270020
586.000000	157.807617
591.000000	161.323242
590.000000	164.860840
596.000000	168.420410
593.000000	171.958008
602.000000	175.539551
611.000000	179.187012
616.000000	182.856445
609.000000	186.481934
600.000000	190.063477
601.000000	193.645020
608.000000	197.248535
603.000000	200.895996
611.000000	204.565430
613.000000	208.234863
617.000000	211.926270
628.000000	215.661621
612.000000	219.331055
613.000000	223.000488
620.000000	226.779785
617.000000	230.537109
642.000000	234.338379
637.000000	238.095703
639.000000	241.918945
645.000000	245.742188
643.000000	249.521484
638.000000	253.344727
641.000000	257.189941
645.000000	261.079102
634.000000	-95.141602
642.000000	-91.230469
649.000000	-87.341309
652.000000	-83.518066
644.000000	-79.694824
642.000000	-75.849609
638.000000	-71.982422
641.000000	-68.159180
637.000000	-64.357910
638.000000	-60.534668
635.000000	-56.689453
640.000000	-52.888184
623.000000	-49.108887
619.000000	-45.373535
631.000000	-41.594238
638.000000	-37.858887
617.000000	-34.123535
610.000000	-30.366211
620.000000	-26.630859
623.000000	-22.917480
618.000000	-19.248047
616.000000	-15.600586
618.000000	-11.953125
620.000000	-8.239746
610.000000	-4.570313
614.000000	-0.878906
608.000000	2.746582
607.000000	6.306152
586.000000	9.843750
587.000000	13.359375
603.000000	16.940918
589.000000	20.478516
574.000000	23.994141
579.000000	27.443848
589.000000	30.937500
576.000000	34.409180
583.000000	37.858887
583.000000	41.330566
578.000000	44.802246
582.000000	48.273926
570.000000	51.701660
569.000000	55.129395
570.000000	58.557129
564.000000	62.028809
568.000000	65.456543
568.000000	68.906250
577.000000	72.355957
571.000000	75.783691
574.000000	79.189453
576.000000	82.617188
575.000000	86.044922
584.000000	89.472656
582.000000	92.944336
579.000000	96.394043
573.000000	99.865723
576.000000	103.315430
587.000000	106.809082
579.000000	110.258789
572.000000	113.774414
579.000000	117.224121
580.000000	120.717773
587.000000	124.211426
592.000000	127.705078
577.000000	131.154785
593.000000	134.692383
585.000000	138.229980
573.000000	141.745605
579.000000	145.173340
584.000000	148.666992
592.000000	152.182617
587.000000	155.698242
585.000000	159.257813
591.000000	162.751465
597.000000	166.333008
590.000000	169.848633
602.000000	173.430176
603.000000	177.033691
612.000000	180.681152
598.000000	184.328613
612.000000	187.954102
599.000000	191.535645
603.000000	195.117188
602.000000	198.742676
616.000000	202.390137
622.000000	206.037598
618.000000	209.750977
618.000000	213.464355
620.000000	217.155762
607.000000	220.803223
619.000000	224.516602
628.000000	228.251953
638.000000	232.031250
632.000000	235.788574
645.000000	239.611816
632.000000	243.413086
639.000000	247.192383
633.000000	250.993652
655.000000	254.838867
636.000000	258.684082
649.000000	262.529297
652.000000	-93.647461
647.000000	-89.802246
644.000000	-85.957031
639.000000	-82.089844
642.000000	-78.266602
644.000000	-74.443359
636.000000	-70.598145
636.000000	-66.752930
638.000000	-62.995605
647.000000	-59.150391
638.000000	-55.327148
630.000000	-51.525879
617.000000	-47.790527
635.000000	-44.011230
625.000000	-40.253906
623.000000	-36.518555
631.000000	-32.783203
629.000000	-29.047852
610.000000	-25.334473
610.000000	-21.665039
614.000000	-18.017578
614.000000	-14.348145
611.000000	-10.678711
625.000000	-6.987305
619.000000	-3.339844
614.000000	0.307617
599.000000	3.933105
589.000000	7.492676
590.000000	10.986328
588.000000	14.523926
590.000000	18.105469
591.000000	21.621094
580.000000	25.092773
581.000000	28.564453
578.000000	32.036133
567.000000	35.485840
580.000000	38.957520
568.000000	42.385254
574.000000	45.878906
579.000000	49.350586
564.000000	52.756348
571.000000	56.140137
570.000000	59.589844
587.000000	63.039551
582.000000	66.467285
557.000000	69.895020
578.000000	73.322754
582.000000	76.772461
564.000000	80.134277
563.000000	83.562012
580.000000	86.967773
582.000000	90.439453
568.000000	93.867188
577.000000	97.338867
581.000000	100.788574
583.000000	104.216309
584.000000	107.709961
585.000000	111.181641
588.000000	114.653320
583.000000	118.103027
584.000000	121.596680
577.000000	125.068359
581.000000	128.540039
592.000000	132.033691
584.000000	135.549316
595.000000	139.086914
576.000000	142.558594
581.000000	145.986328
584.000000	149.479980
591.000000	152.995605
597.000000	156.533203
580.000000	160.048828
587.000000	163.586426
594.000000	167.145996
598.000000	170.661621
591.000000	174.243164
601.000000	177.846680
617.000000	181.494141
601.000000	185.119629
602.000000	188.745117
605.000000	192.326660
603.000000	195.908203
612.000000	199.555664
607.000000	203.181152
618.000000	206.828613
619.000000	210.541992
614.000000	214.255371
607.000000	217.946777
617.000000	221.638184
628.000000	225.351563
627.000000	229.086914
635.000000	232.866211
637.000000	236.645508
640.000000	240.446777
630.000000	244.248047
629.000000	248.027344
645.000000	251.850586
646.000000	255.673828
654.000000	259.519043
641.000000	263.364258
652.000000	-92.790527
650.000000	-88.923340
643.000000	-85.100098
641.000000	-81.254883
644.000000	-77.387695
633.000000	-73.564453
634.000000	-69.719238
643.000000	-65.895996
640.000000	-62.094727
642.000000	-58.249512
631.000000	-54.448242
627.000000	-50.646973
625.000000	-46.911621
622.000000	-43.154297
620.000000	-39.418945
624.000000	-35.661621
630.000000	-31.904297
616.000000	-28.168945
617.000000	-24.455566
615.000000	-20.786133
611.000000	-17.138672
623.000000	-13.491211
624.000000	-9.799805
620.000000	-6.130371
617.000000	-2.438965
609.000000	1.186523
597.000000	4.768066
590.000000	8.349609
587.000000	11.865234
598.000000	15.424805
600.000000	18.984375
589.000000	22.478027
579.000000	25.949707
586.000000	29.399414
587.000000	32.893066
576.000000	36.364746
568.000000	39.814453
584.000000	43.264160
585.000000	46.757813
583.000000	50.207520
565.000000	53.613281
567.000000	57.019043
581.000000	60.490723
577.000000	63.918457
591.000000	67.368164
572.000000	70.773926
576.000000	74.223633
560.000000	77.651367
567.000000	81.057129
576.000000	84.484863
576.000000	87.912598
574.000000	91.362305
563.000000	94.790039
578.000000	98.283691
570.000000	101.711426
577.000000	105.161133
582.000000	108.654785
585.000000	112.126465
574.000000	115.576172
572.000000	119.047852
588.000000	122.541504
578.000000	126.013184
573.000000	129.484863
589.000000	132.978516
600.000000	136.516113
594.000000	140.053711
573.000000	143.481445
590.000000	146.953125
584.000000	150.446777
589.000000	153.940430
586.000000	157.478027
590.000000	160.993652
591.000000	164.531250
592.000000	168.068848
594.000000	171.606445
598.000000	175.209961
610.000000	178.813477
602.000000	182.482910
603.000000	186.086426
597.000000	189.689941
600.000000	193.271484
597.000000	196.853027
605.000000	200.478516
609.000000	204.104004
621.000000	207.817383
606.000000	211.508789
621.000000	215.200195
611.000000	218.869629
617.000000	222.539063
629.000000	226.274414
626.000000	229.987793
636.000000	233.767090
631.000000	237.568359
634.000000	241.391602
631.000000	245.148926
632.000000	248.928223
619.000000	252.729492
645.000000	256.574707
646.000000	260.397949
639.000000	-95.778809
643.000000	-91.911621
648.000000	-88.044434
641.000000	-84.199219
635.000000	-80.375977
637.000000	-76.574707
646.000000	-72.729492
645.000000	-68.906250
631.000000	-65.104980
634.000000	-61.303711
650.000000	-57.436523
630.000000	-53.679199
616.000000	-49.877930
629.000000	-46.142578
629.000000	-42.385254
632.000000	-38.649902
620.000000	-34.892578
613.000000	-31.157227
627.000000	-27.443848
612.000000	-23.752441
601.000000	-20.083008
616.000000	-16.435547
615.000000	-12.788086
626.000000	-9.074707
603.000000	-5.405273
617.000000	-1.735840
608.000000	1.889648
588.000000	5.449219
588.000000	8.986816
592.000000	12.524414
600.000000	16.062012
587.000000	19.643555
590.000000	23.137207
573.000000	26.586914
579.000000	30.058594
580.000000	33.530273
584.000000	36.979980
577.000000	40.429688
573.000000	43.901367
585.000000	47.373047
575.000000	50.800781
573.000000	54.206543
572.000000	57.634277
560.000000	61.083984
577.000000	64.555664
576.000000	68.005371
575.000000	71.411133
574.000000	74.838867
569.000000	78.266602
572.000000	81.650391
566.000000	85.078125
578.000000	88.505859
573.000000	91.955566
558.000000	95.361328
578.000000	98.854980
574.000000	102.282715
586.000000	105.776367
582.000000	109.270020
574.000000	112.741699
579.000000	116.213379
581.000000	119.685059
580.000000	123.156738
585.000000	126.650391
577.000000	130.122070
586.000000	133.615723
594.000000	137.153320
591.000000	140.668945
577.000000	144.096680
579.000000	147.546387
579.000000	151.040039
589.000000	154.555664
598.000000	158.115234
587.000000	161.608887
595.000000	165.168457
595.000000	168.706055
604.000000	172.265625
590.000000	175.825195
618.000000	179.472656
609.000000	183.120117
601.000000	186.745605
605.000000	190.349121
606.000000	193.930664
611.000000	197.534180
605.000000	201.159668
603.000000	204.807129
623.000000	208.520508
619.000000	212.233887
616.000000	215.925293
610.000000	219.594727
621.000000	223.286133
631.000000	227.021484
614.000000	230.756836
624.000000	234.580078
640.000000	238.337402
640.000000	242.160645
626.000000	245.939941
634.000000	249.741211
633.000000	253.564453
645.000000	257.431641
642.000000	261.276855
641.000000	-94.899902
650.000000	-91.032715
638.000000	-87.187500
657.000000	-83.342285
642.000000	-79.519043
644.000000	-75.673828
641.000000	-71.806641
645.000000	-67.961426
630.000000	-64.182129
633.000000	-60.336914
633.000000	-56.513672
637.000000	-52.712402
633.000000	-48.955078
623.000000	-45.219727
626.000000	-41.440430
626.000000	-37.727051
636.000000	-33.969727
624.000000	-30.234375
613.000000	-26.477051
618.000000	-22.785645
608.000000	-19.138184
611.000000	-15.490723
612.000000	-11.843262
613.000000	-8.129883
613.000000	-4.460449
611.000000	-0.791016
602.000000	2.812500
604.000000	6.372070
584.000000	9.909668
589.000000	13.447266
605.000000	17.028809
593.000000	20.544434
581.000000	24.038086
576.000000	27.509766
591.000000	30.959473
578.000000	34.453125
578.000000	37.924805
581.000000	41.374512
581.000000	44.846191
577.000000	48.317871
572.000000	51.745605
571.000000	55.151367
571.000000	58.579102
570.000000	62.006836
571.000000	65.478516
570.000000	68.906250
581.000000	72.333984
577.000000	75.783691
572.000000	79.189453
574.000000	82.595215
574.000000	86.022949
573.000000	89.472656
581.000000	92.922363
586.000000	96.372070
578.000000	99.843750
578.000000	103.271484
586.000000	106.765137
581.000000	110.236816
579.000000	113.730469
573.000000	117.180176
581.000000	120.651855
587.000000	124.189453
587.000000	127.683105
586.000000	131.132813
591.000000	134.626465
594.000000	138.186035
578.000000	141.679688
573.000000	145.107422
584.000000	148.601074
580.000000	152.094727
580.000000	155.610352
592.000000	159.147949
590.000000	162.663574
601.000000	166.223145
582.000000	169.738770
601.000000	173.342285
601.000000	176.901855
610.000000	180.571289
608.000000	184.218750
615.000000	187.822266
603.000000	191.403809
595.000000	194.985352
605.000000	198.610840
606.000000	202.236328
600.000000	205.861816
614.000000	209.575195
628.000000	213.288574
622.000000	216.979980
610.000000	220.671387
622.000000	224.362793
626.000000	228.098145
637.000000	231.855469
631.000000	235.634766
631.000000	239.414063
631.000000	243.215332
636.000000	247.016602
647.000000	250.817871
645.000000	254.641113
633.000000	258.486328
655.000000	262.331543
646.000000	-93.845215
644.000000	-89.978027
638.000000	-86.132813
640.000000	-82.265625
646.000000	-78.442383
645.000000	-74.619141
643.000000	-70.795898
646.000000	-66.950684
638.000000	-63.171387
644.000000	-59.326172
630.000000	-55.502930
621.000000	-51.701660
639.000000	-47.966309
636.000000	-44.208984
628.000000	-40.451660
633.000000	-36.694336
620.000000	-32.980957
628.000000	-29.201660
605.000000	-25.488281
615.000000	-21.818848
619.000000	-18.171387
618.000000	-14.523926
615.000000	-10.854492
614.000000	-7.163086
613.000000	-3.515625
610.000000	0.153809
592.000000	3.757324
597.000000	7.338867
592.000000	10.854492
594.000000	14.392090
594.000000	17.973633
590.000000	21.489258
586.000000	24.960938
575.000000	28.432617
575.000000	31.882324
578.000000	35.354004
581.000000	38.825684
581.000000	42.275391
580.000000	45.725098
573.000000	49.196777
572.000000	52.624512
570.000000	56.030273
570.000000	59.479980
581.000000	62.929688
582.000000	66.379395
557.000000	69.785156
572.000000	73.234863
578.000000	76.684570
572.000000	80.068359
574.000000	83.496094
575.000000	86.901855
585.000000	90.373535
569.000000	93.823242
583.000000	97.250977
581.000000	100.700684
579.000000	104.172363
581.000000	107.666016
582.000000	111.137695
585.000000	114.609375
581.000000	118.081055
585.000000	121.552734
586.000000	125.046387
586.000000	128.540039
591.000000	132.011719
590.000000	135.527344
597.000000	139.064941
581.000000	142.536621
565.000000	145.964355
582.000000	149.458008
587.000000	152.951660
599.000000	156.489258
598.000000	160.048828
590.000000	163.542480
600.000000	167.124023
602.000000	170.661621
597.000000	174.265137
609.000000	177.868652
609.000000	181.516113
596.000000	185.141602
605.000000	188.767090
601.000000	192.348633
604.000000	195.952148
609.000000	199.577637
605.000000	203.203125
621.000000	206.894531
625.000000	210.585938
610.000000	214.299316
615.000000	217.990723
617.000000	221.660156
629.000000	225.395508
631.000000	229.130859
631.000000	232.932129
643.000000	236.711426
642.000000	240.534668
618.000000	244.313965
637.000000	248.093262
639.000000	251.916504
647.000000	255.739746
639.000000	259.584961
636.000000	263.430176
654.000000	-92.724609
642.000000	-88.857422
639.000000	-84.990234
643.000000	-81.145020
643.000000	-77.321777
648.000000	-73.476563
641.000000	-69.653320
644.000000	-65.830078
640.000000	-62.006836
632.000000	-58.183594
637.000000	-54.360352
628.000000	-50.581055
635.000000	-46.823730
633.000000	-43.066406
625.000000	-39.331055
631.000000	-35.551758
620.000000	-31.816406
618.000000	-28.081055
621.000000	-24.367676
612.000000	-20.720215
606.000000	-17.072754
617.000000	-13.403320
617.000000	-9.711914
617.000000	-6.042480
613.000000	-2.373047
600.000000	1.252441
597.000000	4.833984
597.000000	8.415527
583.000000	11.909180
602.000000	15.468750
595.000000	19.028320
598.000000	22.543945
569.000000	26.037598
578.000000	29.487305
588.000000	32.980957
573.000000	36.408691
572.000000	39.858398
583.000000	43.330078
589.000000	46.801758
569.000000	50.251465
564.000000	53.657227
573.000000	57.062988
579.000000	60.534668
573.000000	63.984375
583.000000	67.434082
565.000000	70.839844
577.000000	74.289551
569.000000	77.717285
574.000000	81.123047
574.000000	84.528809
567.000000	87.956543
566.000000	91.450195
567.000000	94.877930
578.000000	98.349609
586.000000	101.799316
583.000000	105.249023
583.000000	108.742676
589.000000	112.236328
572.000000	115.686035
578.000000	119.157715
588.000000	122.651367
582.000000	126.123047
581.000000	129.616699
593.000000	133.110352
601.000000	136.669922
584.000000	140.185547
571.000000	143.635254
587.000000	147.084961
591.000000	150.578613
581.000000	154.094238
601.000000	157.653809
589.000000	161.147461
596.000000	164.685059
590.000000	168.266602
591.000000	171.804199
602.000000	175.385742
605.000000	178.989258
606.000000	182.658691
604.000000	186.262207
598.000000	189.865723
593.000000	193.469238
604.000000	197.072754
606.000000	200.698242
601.000000	204.323730
615.000000	208.015137
628.000000	211.706543
629.000000	215.441895
608.000000	219.089355
611.000000	222.780762
625.000000	226.516113
628.000000	230.251465
628.000000	234.030762
629.000000	237.810059
644.000000	241.633301
635.000000	245.412598
638.000000	249.191895
635.000000	253.015137
649.000000	256.860352
647.000000	260.705566
634.000000	-95.471191
639.000000	-91.582031
646.000000	-87.714844
649.000000	-83.891602
650.000000	-80.068359
638.000000	-76.223145
648.000000	-72.377930
642.000000	-68.554688
624.000000	-64.753418
640.000000	-60.908203
645.000000	-57.062988
643.000000	-53.261719
622.000000	-49.460449
637.000000	-45.725098
637.000000	-41.967773
624.000000	-38.210449
613.000000	-34.453125
622.000000	-30.739746
630.000000	-26.982422
606.000000	-23.312988
604.000000	-19.665527
610.000000	-16.018066
614.000000	-12.326660
614.000000	-8.657227
607.000000	-4.987793
611.000000	-1.340332
604.000000	2.285156
592.000000	5.844727
586.000000	9.382324
590.000000	12.897949
600.000000	16.457520
579.000000	19.973145
585.000000	23.488770
576.000000	26.916504
580.000000	30.410156
578.000000	33.881836
587.000000	37.331543
578.000000	40.759277
578.000000	44.230957
568.000000	47.702637
580.000000	51.152344
564.000000	54.536133
563.000000	57.941895
576.000000	61.435547
565.000000	64.863281
575.000000	68.312988
570.000000	71.740723
573.000000	75.168457
572.000000	78.574219
576.000000	82.001953
559.000000	85.407715
580.000000	88.857422
585.000000	92.351074
573.000000	95.756836
577.000000	99.228516
580.000000	102.678223
592.000000	106.171875
578.000000	109.643555
579.000000	113.115234
584.000000	116.608887
584.000000	120.080566
584.000000	123.574219
589.000000	127.045898
581.000000	130.517578
584.000000	134.011230
585.000000	137.548828
583.000000	141.086426
581.000000	144.514160
578.000000	147.963867
590.000000	151.457520
587.000000	154.951172
591.000000	158.488770
586.000000	162.004395
588.000000	165.585938
588.000000	169.101563
600.000000	172.661133
598.000000	176.242676
606.000000	179.890137
608.000000	183.537598
619.000000	187.163086
595.000000	190.744629
602.000000	194.348145
603.000000	197.995605
609.000000	201.599121
610.000000	205.246582
628.000000	208.937988
619.000000	212.651367
626.000000	216.386719
600.000000	220.034180
624.000000	223.747559
627.000000	227.504883
630.000000	231.262207
632.000000	235.041504
639.000000	238.842773
637.000000	242.666016
628.000000	246.467285
629.000000	250.290527
633.000000	254.091797
640.000000	257.937012
633.000000	261.782227
634.000000	-94.394531
655.000000	-90.527344
642.000000	-86.682129
642.000000	-82.814941
642.000000	-78.991699
643.000000	-75.168457
636.000000	-71.323242
646.000000	-67.500000
641.000000	-63.720703
641.000000	-59.897461
633.000000	-56.052246
636.000000	-52.250977
629.000000	-48.515625
620.000000	-44.780273
623.000000	-41.022949
625.000000	-37.287598
625.000000	-33.574219
624.000000	-29.816895
625.000000	-26.103516
619.000000	-22.434082
612.000000	-18.786621
610.000000	-15.139160
609.000000	-11.469727
617.000000	-7.778320
606.000000	-4.130859
604.000000	-0.461426
602.000000	3.164063
603.000000	6.723633
593.000000	10.261230
596.000000	13.820801
605.000000	17.402344
590.000000	20.917969
580.000000	24.433594
578.000000	27.883301
587.000000	31.354980
580.000000	34.848633
583.000000	38.320313
580.000000	41.770020
583.000000	45.241699
574.000000	48.713379
574.000000	52.163086
568.000000	55.546875
573.000000	58.996582
582.000000	62.468262
573.000000	65.895996
564.000000	69.345703
573.000000	72.773438
578.000000	76.201172
562.000000	79.606934
580.000000	83.056641
573.000000	86.462402
581.000000	89.934082
581.000000	93.383789
587.000000	96.811523
579.000000	100.261230
576.000000	103.710938
583.000000	107.182617
582.000000	110.676270
583.000000	114.147949
570.000000	117.597656
579.000000	121.069336
581.000000	124.541016
579.000000	128.034668
581.000000	131.506348
590.000000	135.000000
593.000000	138.581543
586.000000	142.075195
575.000000	145.502930
587.000000	148.996582
587.000000	152.512207
586.000000	156.027832
575.000000	159.587402
600.000000	163.146973
598.000000	166.706543
585.000000	170.244141
603.000000	173.825684
615.000000	177.429199
609.000000	181.076660
600.000000	184.724121
603.000000	188.349609
604.000000	191.975098
595.000000	195.556641
601.000000	199.182129
610.000000	202.829590
608.000000	206.455078
613.000000	210.168457
608.000000	213.881836
621.000000	217.617188
621.000000	221.264648
621.000000	224.956055
623.000000	228.713379
637.000000	232.492676
630.000000	236.271973
637.000000	240.095215
613.000000	243.874512
632.000000	247.653809
629.000000	251.455078
637.000000	255.300293
639.000000	259.123535
643.000000	262.990723
648.000000	-93.186035
642.000000	-89.340820
646.000000	-85.495605
647.000000	-81.650391
642.000000	-77.827148
642.000000	-74.003906
637.000000	-70.158691
636.000000	-66.313477
641.000000	-62.512207
642.000000	-58.688965
633.000000	-54.865723
630.000000	-51.086426
624.000000	-47.351074
636.000000	-43.571777
627.000000	-39.814453
624.000000	-36.057129
620.000000	-32.321777
635.000000	-28.564453
622.000000	-24.851074
606.000000	-21.159668
609.000000	-17.490234
624.000000	-13.820801
611.000000	-10.151367
616.000000	-6.459961
618.000000	-2.746582
604.000000	0.900879
591.000000	4.482422
590.000000	8.041992
593.000000	11.557617
595.000000	15.095215
587.000000	18.654785
594.000000	22.214355
574.000000	25.686035
583.000000	29.135742
577.000000	32.607422
564.000000	36.057129
567.000000	39.506836
575.000000	42.978516
578.000000	46.450195
581.000000	49.899902
579.000000	53.327637
573.000000	56.711426
578.000000	60.183105
573.000000	63.632813
580.000000	67.060547
563.000000	70.466309
567.000000	73.916016
569.000000	77.343750
572.000000	80.727539
577.000000	84.177246
572.000000	87.604980
579.000000	91.076660
581.000000	94.504395
580.000000	97.976074
578.000000	101.425781
584.000000	104.875488
583.000000	108.369141
583.000000	111.862793
578.000000	115.334473
581.000000	118.784180
585.000000	122.299805
575.000000	125.771484
577.000000	129.265137
588.000000	132.780762
603.000000	136.340332
595.000000	139.877930
578.000000	143.305664
581.000000	146.755371
584.000000	150.249023
589.000000	153.764648
603.000000	157.302246
588.000000	160.795898
597.000000	164.355469
594.000000	167.893066
601.000000	171.430664
601.000000	175.012207
609.000000	178.615723
614.000000	182.263184
607.000000	185.888672
599.000000	189.514160
604.000000	193.095703
611.000000	196.677246
611.000000	200.302734
596.000000	203.928223
616.000000	207.619629
622.000000	211.311035
617.000000	215.002441
607.000000	218.693848
617.000000	222.363281
630.000000	226.098633
641.000000	229.833984
629.000000	233.613281
636.000000	237.414551
636.000000	241.237793
635.000000	245.017090
623.000000	248.796387
641.000000	252.619629
641.000000	256.464844
652.000000	260.332031
635.000000	-95.822754
651.000000	-91.977539
654.000000	-88.088379
636.000000	-84.243164
640.000000	-80.397949
645.000000	-76.552734
647.000000	-72.707520
641.000000	-68.862305
638.000000	-65.061035
642.000000	-61.237793
647.000000	-57.370605
638.000000	-53.569336
630.000000	-49.812012
629.000000	-46.054688
628.000000	-42.297363
621.000000	-38.562012
619.000000	-34.804688
627.000000	-31.069336
618.000000	-27.333984
606.000000	-23.642578
613.000000	-19.973145
606.000000	-16.347656
612.000000	-12.700195
616.000000	-9.008789
614.000000	-5.339355
620.000000	-1.669922
596.000000	1.933594
601.000000	5.515137
588.000000	9.074707
592.000000	12.590332
610.000000	16.149902
591.000000	19.687500
586.000000	23.203125
576.000000	26.652832
571.000000	30.124512
580.000000	33.640137
580.000000	37.089844
576.000000	40.539551
577.000000	43.989258
583.000000	47.504883
579.000000	50.932617
562.000000	54.382324
566.000000	57.788086
584.000000	61.259766
579.000000	64.709473
573.000000	68.159180
580.000000	71.586914
580.000000	75.058594
571.000000	78.464355
574.000000	81.892090
570.000000	85.319824
588.000000	88.791504
573.000000	92.263184
579.000000	95.690918
582.000000	99.162598
580.000000	102.634277
588.000000	106.105957
584.000000	109.577637
587.000000	113.049316
576.000000	116.499023
571.000000	119.992676
576.000000	123.486328
590.000000	126.958008
584.000000	130.429688
585.000000	133.923340
594.000000	137.460938
582.000000	140.954590
575.000000	144.382324
575.000000	147.854004
585.000000	151.325684
589.000000	154.863281
587.000000	158.400879
592.000000	161.938477
600.000000	165.476074
588.000000	168.991699
593.000000	172.551270
608.000000	176.154785
609.000000	179.780273
611.000000	183.449707
600.000000	187.075195
611.000000	190.678711
603.000000	194.282227
615.000000	197.929688
610.000000	201.555176
612.000000	205.202637
624.000000	208.894043
620.000000	212.607422
629.000000	216.320801
617.000000	219.968262
623.000000	223.681641
632.000000	227.438965
625.000000	231.174316
630.000000	234.953613
636.000000	238.776855
633.000000	242.600098
648.000000	246.379395
635.000000	250.158691
642.000000	253.959961
649.000000	257.827148
643.000000	261.672363
641.000000	-94.504395
636.000000	-90.637207
636.000000	-86.770020
646.000000	-82.946777
645.000000	-79.123535
628.000000	-75.300293
637.000000	-71.455078
649.000000	-67.631836
628.000000	-63.874512
633.000000	-60.051270
642.000000	-56.184082
632.000000	-52.404785
618.000000	-48.669434
629.000000	-44.912109
627.000000	-41.154785
636.000000	-37.419434
621.000000	-33.684082
620.000000	-29.948730
619.000000	-26.191406
612.000000	-22.521973
600.000000	-18.874512
614.000000	-15.227051
620.000000	-11.535645
621.000000	-7.844238
608.000000	-4.174805
607.000000	-0.505371
608.000000	3.120117
599.000000	6.679688
576.000000	10.217285
598.000000	13.776855
607.000000	17.380371
591.000000	20.895996
579.000000	24.411621
579.000000	27.861328
582.000000	31.333008
570.000000	34.782715
586.000000	38.276367
582.000000	41.726074
591.000000	45.197754
577.000000	48.669434
577.000000	52.097168
563.000000	55.480957
573.000000	58.930664
578.000000	62.402344
575.000000	65.830078
575.000000	69.279785
567.000000	72.707520
580.000000	76.135254
573.000000	79.541016
573.000000	82.968750
572.000000	86.374512
573.000000	89.846191
570.000000	93.295898
576.000000	96.745605
567.000000	100.173340
577.000000	103.645020
585.000000	107.116699
584.000000	110.588379
578.000000	114.060059
579.000000	117.509766
582.000000	121.003418
579.000000	124.497070
587.000000	128.012695
586.000000	131.484375
592.000000	135.000000
588.000000	138.537598
574.000000	142.031250
580.000000	145.480957
584.000000	148.974609
589.000000	152.490234
597.000000	156.005859
587.000000	159.543457
603.000000	163.103027
591.000000	166.684570
591.000000	170.200195
603.000000	173.781738
596.000000	177.385254
610.000000	181.032715
606.000000	184.680176
607.000000	188.305664
597.000000	191.909180
602.000000	195.490723
603.000000	199.116211
610.000000	202.741699
611.000000	206.389160
612.000000	210.080566
622.000000	213.793945
620.000000	217.485352
618.000000	221.132813
625.000000	224.846191
628.000000	228.581543
629.000000	232.382813
622.000000	236.140137
638.000000	239.919434
633.000000	243.742676
627.000000	247.500000
642.000000	251.301270
649.000000	255.124512
641.000000	258.947754
642.000000	262.814941
641.000000	-93.361816
648.000000	-89.472656
630.000000	-85.627441
637.000000	-81.782227
643.000000	-77.980957
649.000000	-74.135742
645.000000	-70.312500
634.000000	-66.467285
640.000000	-62.644043
645.000000	-58.820801
625.000000	-55.019531
636.000000	-51.218262
631.000000	-47.438965
635.000000	-43.659668
621.000000	-39.924316
624.000000	-36.166992
633.000000	-32.409668
629.000000	-28.674316
614.000000	-24.960938
619.000000	-21.291504
610.000000	-17.644043
615.000000	-13.996582
609.000000	-10.283203
622.000000	-6.591797
622.000000	-2.944336
598.000000	0.681152
586.000000	4.262695
602.000000	7.822266
595.000000	11.337891
599.000000	14.897461
594.000000	18.435059
591.000000	21.972656
573.000000	25.422363
577.000000	28.894043
580.000000	32.365723
569.000000	35.793457
573.000000	39.243164
580.000000	42.692871
584.000000	46.164551
567.000000	49.614258
568.000000	53.041992
565.000000	56.425781
576.000000	59.853516
579.000000	63.325195
571.000000	66.752930
568.000000	70.158691
583.000000	73.608398
584.000000	77.036133
568.000000	80.441895
566.000000	83.869629
582.000000	87.275391
580.000000	90.769043
568.000000	94.196777
586.000000	97.646484
580.000000	101.096191
584.000000	104.545898
575.000000	108.039551
589.000000	111.511230
574.000000	114.982910
582.000000	118.454590
588.000000	121.948242
582.000000	125.397949
581.000000	128.891602
581.000000	132.407227
596.000000	135.922852
593.000000	139.460449
575.000000	142.888184
579.000000	146.337891
575.000000	149.787598
579.000000	153.303223
593.000000	156.818848
588.000000	160.334473
587.000000	163.850098
593.000000	167.409668
586.000000	170.925293
583.000000	174.506836
614.000000	178.132324
604.000000	181.757813
598.000000	185.383301
608.000000	188.986816
602.000000	192.568359
609.000000	196.171875
600.000000	199.775391
612.000000	203.422852
619.000000	207.070313
617.000000	210.761719
621.000000	214.475098
617.000000	218.188477
628.000000	221.857910
628.000000	225.593262
623.000000	229.328613
626.000000	233.107910
632.000000	236.887207
642.000000	240.688477
636.000000	244.511719
634.000000	248.291016
649.000000	252.136230
641.000000	255.959473
647.000000	259.804688
636.000000	263.671875
647.000000	-92.482910
648.000000	-88.593750
644.000000	-84.770508
636.000000	-80.947266
651.000000	-77.058105
646.000000	-73.234863
631.000000	-69.411621
638.000000	-65.588379
639.000000	-61.765137
649.000000	-57.919922
642.000000	-54.118652
631.000000	-50.361328
628.000000	-46.625977
639.000000	-42.846680
626.000000	-39.133301
619.000000	-35.397949
621.000000	-31.640625
622.000000	-27.927246
609.000000	-24.235840
610.000000	-20.588379
612.000000	-16.940918
614.000000	-13.315430
619.000000	-9.624023
611.000000	-5.954590
606.000000	-2.285156
608.000000	1.362305
592.000000	4.943848
585.000000	8.503418
589.000000	12.019043
599.000000	15.578613
589.000000	19.138184
591.000000	22.653809
581.000000	26.125488
582.000000	29.575195
581.000000	33.068848
581.000000	36.518555
576.000000	39.968262
579.000000	43.439941
580.000000	46.911621
569.000000	50.361328
577.000000	53.811035
572.000000	57.216797
572.000000	60.666504
580.000000	64.138184
590.000000	67.609863
581.000000	71.015625
566.000000	74.443359
574.000000	77.871094
583.000000	81.298828
570.000000	84.704590
575.000000	88.154297
580.000000	91.625977
570.000000	95.031738
578.000000	98.503418
583.000000	101.953125
580.000000	105.424805
578.000000	108.896484
574.000000	112.368164
581.000000	115.839844
585.000000	119.289551
581.000000	122.783203
573.000000	126.254883
580.000000	129.726563
582.000000	133.220215
591.000000	136.735840
580.000000	140.251465
577.000000	143.701172
585.000000	147.150879
571.000000	150.622559
593.000000	154.138184
596.000000	157.675781
596.000000	161.191406
590.000000	164.729004
582.000000	168.288574
599.000000	171.848145
599.000000	175.451660
603.000000	179.077148
615.000000	182.746582
609.000000	186.372070
600.000000	189.975586
595.000000	193.557129
604.000000	197.160645
607.000000	200.786133
599.000000	204.433594
615.000000	208.125000
621.000000	211.816406
618.000000	215.507813
604.000000	219.177246
617.000000	222.868652
628.000000	226.604004
629.000000	230.361328
625.000000	234.118652
637.000000	237.897949
644.000000	241.721191
634.000000	245.478516
628.000000	249.279785
633.000000	253.059082
652.000000	256.904297
643.000000	260.727539
621.000000	-95.449219
645.000000	-91.604004
648.000000	-87.736816
636.000000	-83.935547
634.000000	-80.090332
635.000000	-76.289063
643.000000	-72.465820
632.000000	-68.642578
626.000000	-64.863281
637.000000	-61.018066
640.000000	-57.216797
625.000000	-53.415527
628.000000	-49.658203
628.000000	-45.922852
631.000000	-42.143555
623.000000	-38.430176
624.000000	-34.650879
624.000000	-30.937500
617.000000	-27.202148
620.000000	-23.510742
614.000000	-19.841309
607.000000	-16.215820
616.000000	-12.524414
606.000000	-8.833008
615.000000	-5.141602
613.000000	-1.472168
603.000000	2.153320
597.000000	5.712891
592.000000	9.272461
593.000000	12.788086
595.000000	16.369629
593.000000	19.907227
583.000000	23.400879
571.000000	26.872559
584.000000	30.322266
579.000000	33.815918
577.000000	37.265625
581.000000	40.693359
567.000000	44.165039
582.000000	47.658691
572.000000	51.064453
557.000000	54.470215
578.000000	57.919922
577.000000	61.347656
568.000000	64.797363
571.000000	68.269043
583.000000	71.674805
570.000000	75.102539
570.000000	78.508301
569.000000	81.914063
569.000000	85.341797
582.000000	88.791504
580.000000	92.241211
569.000000	95.646973
584.000000	99.118652
577.000000	102.568359
586.000000	106.062012
584.000000	109.533691
587.000000	113.027344
583.000000	116.477051
582.000000	119.970703
578.000000	123.442383
587.000000	126.958008
581.000000	130.429688
583.000000	133.945313
601.000000	137.504883
590.000000	141.020508
578.000000	144.470215
590.000000	147.941895
589.000000	151.435547
591.000000	154.951172
587.000000	158.532715
589.000000	162.048340
596.000000	165.585938
583.000000	169.123535
592.000000	172.683105
599.000000	176.286621
612.000000	179.912109
606.000000	183.581543
603.000000	187.185059
604.000000	190.766602
605.000000	194.370117
606.000000	197.973633
600.000000	201.599121
612.000000	205.224609
625.000000	208.916016
627.000000	212.629395
616.000000	216.320801
612.000000	220.012207
625.000000	223.703613
620.000000	227.416992
632.000000	231.174316
630.000000	234.953613
629.000000	238.754883
633.000000	242.578125
630.000000	246.357422
645.000000	250.180664
628.000000	253.937988
641.000000	257.827148
644.000000	261.672363
637.000000	-94.504395
648.000000	-90.637207
632.000000	-86.770020
647.000000	-82.902832
647.000000	-79.101563
636.000000	-75.278320
633.000000	-71.411133
